1000
-56 52 -56 52
-30 -64 -30 -63
74 42 73 42
56 -18 56 -19
68 13 69 13
-65 -5 -66 -5
46 82 45 82
-61 -50 -60 -50
47 2 47 1
-17 60 -17 60
-32 -82 -32 -81
-4 -12 -4 -11
-62 56 -62 57
-39 73 -39 72
66 39 66 39
-42 -10 -42 -10
-34 91 -34 91
-11 -43 -11 -42
13 92 12 92
52 58 52 58
-36 -70 -36 -70
55 -33 55 -33
-71 -60 -70 -60
76 49 76 49
-74 -17 -74 -16
-53 59 -53 60
28 -29 28 -30
15 -43 15 -44
-46 -34 -46 -34
-74 66 -74 67
-55 25 -55 24
-4 -44 -4 -45
13 47 13 46
43 -87 42 -87
-2 -71 -1 -71
-29 41 -30 41
71 16 71 15
1 -78 1 -78
68 34 68 35
-66 -31 -66 -31
1 -5 1 -5
-67 2 -68 2
91 -10 91 -11
71 -53 71 -54
50 42 50 41
-67 47 -66 47
-90 -42 -89 -42
-26 90 -26 91
-12 44 -13 44
18 69 18 68
-48 -82 -48 -81
-77 -37 -77 -36
13 -69 13 -69
17 -92 16 -92
-76 -50 -76 -51
20 -71 19 -71
-32 12 -32 11
47 43 46 43
59 -60 59 -61
-73 -45 -73 -45
99 -11 99 -10
50 -30 50 -30
23 87 23 88
-10 -97 -11 -97
-19 10 -19 10
-64 14 -65 14
-55 45 -55 44
-62 -44 -61 -44
-88 37 -88 38
-49 -59 -50 -59
11 -33 11 -32
8 -51 8 -51
50 60 51 60
42 79 43 79
40 -59 40 -58
64 -63 63 -63
-69 -64 -70 -64
-31 -85 -31 -85
-12 13 -12 12
44 24 45 24
-93 25 -93 25
29 83 30 83
49 9 48 9
64 32 64 32
60 -9 60 -9
-75 61 -75 61
42 -86 42 -87
2 42 3 42
-56 -60 -56 -61
75 50 75 51
15 31 16 31
-76 -24 -77 -24
-38 89 -38 90
-17 -30 -18 -30
32 -81 32 -80
-22 -17 -22 -18
-22 37 -21 37
-53 -81 -54 -81
2 33 2 32
-48 35 -48 35
-18 -11 -17 -11
37 73 37 73
-80 -23 -80 -22
-16 3 -16 2
-67 61 -66 61
-91 16 -91 17
33 -71 33 -71
-72 40 -73 40
-41 71 -41 71
17 46 18 46
68 -53 68 -52
48 77 49 77
-17 -94 -16 -94
-8 -96 -8 -96
27 45 27 46
-43 64 -44 64
-65 32 -65 31
30 -49 29 -49
95 14 95 15
78 42 78 43
-79 -25 -78 -25
26 -49 26 -49
-57 -14 -57 -14
0 35 1 35
-64 73 -64 72
7 34 7 35
50 -13 49 -13
-37 69 -37 69
-14 67 -13 67
-50 -22 -50 -23
-2 -89 -2 -90
-19 -23 -19 -22
-10 5 -10 6
11 50 10 50
-36 -19 -37 -19
66 -52 65 -52
23 16 22 16
-12 -14 -12 -14
-68 -61 -68 -61
-34 -13 -34 -12
20 -10 21 -10
11 -16 11 -16
19 21 18 21
-6 -36 -7 -36
12 38 12 37
32 -40 33 -40
24 9 24 9
78 -3 78 -4
46 -13 46 -12
14 -28 14 -29
-61 20 -61 19
-8 87 -9 87
-42 3 -42 2
9 59 10 59
-79 21 -79 22
-17 -2 -18 -2
5 86 5 86
75 46 75 45
68 -38 68 -38
-2 -68 -2 -69
28 28 28 29
24 -83 24 -84
31 -50 31 -51
24 80 24 80
64 63 64 64
-10 87 -10 87
27 53 27 52
16 82 16 83
-79 61 -79 61
-31 -31 -32 -31
-52 -85 -52 -84
53 32 53 32
-42 62 -41 62
56 -5 56 -4
43 -69 42 -69
55 -18 55 -18
-48 -12 -48 -13
-47 64 -46 64
-15 -9 -16 -9
53 83 52 83
12 -65 12 -64
61 -3 61 -3
-63 11 -62 11
49 -27 48 -27
-57 -19 -57 -19
76 28 75 28
75 54 74 54
-6 80 -7 80
-37 91 -36 91
-23 -70 -24 -70
-35 49 -34 49
14 30 14 31
12 37 11 37
-68 -43 -68 -43
-35 -39 -34 -39
-30 -18 -30 -17
-35 -41 -35 -42
-49 77 -49 76
-67 -65 -66 -65
9 51 10 51
70 -17 71 -17
90 5 90 6
-22 5 -22 5
0 -65 -1 -65
7 -92 6 -92
-15 26 -15 25
16 -17 16 -17
-24 82 -25 82
-82 30 -81 30
-76 -31 -76 -30
54 -46 54 -46
-30 47 -30 46
-17 35 -17 35
84 -53 84 -52
0 -99 1 -99
81 58 81 58
18 -78 18 -79
-9 37 -9 36
49 -39 48 -39
-17 10 -18 10
65 49 64 49
20 -24 20 -23
40 -22 40 -22
28 -37 27 -37
47 71 47 71
17 -18 17 -19
-28 -7 -28 -7
2 32 1 32
-26 -30 -25 -30
44 -72 44 -73
-81 31 -82 31
76 -61 76 -62
77 32 77 33
-60 62 -60 61
-94 -23 -95 -23
-74 21 -74 21
17 43 17 42
24 64 24 63
44 -60 44 -59
-62 77 -62 78
-26 84 -27 84
-89 22 -89 21
-63 66 -63 66
-15 -97 -15 -98
39 -65 39 -66
-30 -88 -30 -89
-69 24 -69 24
-41 31 -41 30
-5 34 -6 34
77 49 77 48
6 76 6 77
16 -81 16 -82
83 -26 83 -27
-25 12 -25 12
37 -22 37 -22
6 28 6 27
9 -92 9 -91
73 14 73 13
34 -66 33 -66
49 60 49 59
-6 13 -6 12
-97 4 -96 4
-62 -14 -62 -15
8 -59 9 -59
-16 7 -16 6
-15 -88 -15 -89
-44 75 -43 75
-9 -90 -10 -90
34 -59 34 -60
2 54 2 53
-32 -82 -32 -83
41 12 40 12
-68 21 -68 20
-22 81 -22 81
54 -22 53 -22
-81 7 -81 8
-4 -50 -4 -51
77 17 77 16
-66 39 -66 39
85 0 85 -1
14 4 13 4
-61 -73 -61 -74
29 64 29 64
-8 63 -8 63
58 -23 58 -24
-64 -22 -64 -22
49 -71 48 -71
-23 -3 -22 -3
-1 -69 0 -69
69 18 69 19
-16 8 -16 8
83 -30 83 -30
64 67 65 67
61 -19 61 -19
45 -30 45 -30
30 -4 31 -4
35 -35 35 -36
53 -74 53 -73
-79 -10 -79 -9
45 -45 45 -44
67 -12 66 -12
43 40 43 39
-66 26 -66 25
-73 -30 -73 -31
-14 -23 -14 -23
78 -15 78 -14
-22 -15 -21 -15
37 3 37 3
55 -34 54 -34
-67 -29 -67 -30
36 -79 36 -78
26 26 26 26
64 66 65 66
-12 10 -11 10
39 33 39 34
9 -38 8 -38
-8 9 -8 8
78 -14 78 -13
39 -28 39 -29
13 -71 13 -72
-22 28 -23 28
-17 45 -16 45
-47 16 -47 17
77 -14 77 -15
59 -51 59 -52
7 78 7 77
19 -86 20 -86
-24 -34 -24 -34
-43 70 -44 70
60 9 61 9
-37 -51 -37 -50
35 -8 36 -8
-22 -38 -22 -39
-58 3 -59 3
63 -49 62 -49
91 26 92 26
-60 -28 -60 -29
5 -35 5 -34
-43 86 -43 87
-23 -46 -22 -46
98 18 98 18
63 -50 63 -49
81 -21 81 -21
-35 79 -35 78
34 -2 34 -3
58 -67 58 -66
-63 -22 -63 -22
-21 77 -21 77
-65 61 -64 61
-72 44 -72 45
60 -78 60 -79
-72 -67 -72 -67
73 -40 72 -40
-76 -31 -76 -31
-7 -79 -6 -79
-30 40 -30 40
-58 41 -57 41
-90 15 -90 16
-39 -60 -39 -59
-31 12 -32 12
47 -65 47 -64
-79 5 -78 5
-58 -33 -58 -32
-12 -41 -13 -41
75 10 74 10
-37 -85 -37 -84
81 -14 81 -15
74 -32 73 -32
19 -97 20 -97
77 52 77 51
-36 -21 -37 -21
-53 53 -53 52
-51 -3 -52 -3
52 -48 52 -47
-4 -62 -4 -63
19 -32 20 -32
-44 -8 -44 -7
-13 -93 -13 -93
-51 53 -51 53
-74 -28 -73 -28
6 -97 6 -98
77 17 77 17
76 -19 76 -19
-9 83 -10 83
-23 -60 -23 -61
-19 -61 -19 -60
-19 77 -19 77
-23 -58 -23 -57
-59 8 -59 7
33 20 33 20
-26 -44 -26 -44
69 -44 69 -43
56 35 55 35
-52 -71 -51 -71
43 8 43 9
10 1 9 1
48 -36 48 -37
-6 40 -6 39
83 28 83 28
-30 95 -31 95
-78 28 -77 28
37 67 38 67
-44 34 -44 33
16 7 16 7
14 -97 13 -97
71 -61 71 -61
63 -75 63 -75
63 38 63 37
-9 -84 -8 -84
-67 6 -67 5
-29 -36 -30 -36
-39 -66 -39 -65
-71 30 -71 30
-34 -48 -35 -48
74 57 74 56
54 -25 54 -25
27 96 27 95
54 -57 54 -56
-50 73 -50 73
-20 -26 -19 -26
-31 -80 -31 -81
5 -48 5 -47
71 -69 71 -70
-62 -5 -61 -5
-14 22 -14 22
11 88 11 87
96 -13 97 -13
-53 43 -52 43
85 -30 85 -31
-11 -6 -11 -5
-82 29 -82 29
-24 -95 -24 -94
13 -49 12 -49
-41 56 -41 55
4 88 5 88
73 31 72 31
-31 17 -30 17
-57 50 -58 50
32 -44 32 -45
47 -67 46 -67
-27 -80 -27 -80
-37 -45 -37 -45
-15 88 -15 88
11 -19 10 -19
-45 54 -45 54
63 70 63 71
1 -59 1 -58
29 -61 30 -61
76 44 75 44
11 -4 11 -4
67 61 68 61
30 -18 30 -18
-42 -69 -43 -69
66 4 67 4
67 -52 66 -52
2 4 2 3
67 -38 67 -38
58 -70 58 -69
94 -3 94 -2
-10 -88 -11 -88
75 63 76 63
-65 -20 -65 -19
-37 59 -37 58
-53 29 -52 29
-81 39 -80 39
12 -14 12 -13
85 -46 84 -46
55 -82 55 -83
-90 1 -91 1
-3 9 -3 10
19 40 18 40
-36 -62 -36 -62
-54 52 -55 52
19 94 19 95
-45 87 -45 88
72 19 72 20
12 14 11 14
9 -6 9 -7
-79 55 -79 55
12 -65 12 -64
21 11 21 11
6 93 6 92
86 -32 86 -33
69 -5 68 -5
2 -20 2 -21
-4 33 -3 33
27 -74 27 -75
92 18 92 18
91 -38 90 -38
-62 51 -63 51
38 -71 38 -70
-27 -45 -26 -45
12 31 12 30
-38 88 -38 88
-19 -15 -18 -15
25 -73 26 -73
2 8 3 8
10 -35 9 -35
85 23 84 23
8 56 8 56
-19 -98 -19 -98
75 -62 76 -62
20 -93 20 -94
7 -2 6 -2
-85 -7 -85 -7
8 -47 7 -47
12 -91 12 -90
25 -8 25 -7
-3 -98 -4 -98
22 5 22 6
-64 67 -64 68
35 -23 35 -22
-56 30 -57 30
50 -80 49 -80
-34 -27 -33 -27
77 -39 76 -39
41 -66 41 -65
65 -72 66 -72
35 -64 35 -63
43 -86 42 -86
77 -54 78 -54
11 75 10 75
78 -3 78 -4
-49 52 -49 52
30 13 29 13
11 79 11 79
28 -93 29 -93
-2 -58 -3 -58
-13 30 -13 30
82 21 83 21
55 39 55 38
4 82 5 82
-59 33 -59 32
-25 -51 -25 -50
76 -47 76 -47
52 -3 52 -3
12 -30 13 -30
-27 53 -27 54
-66 19 -65 19
-7 22 -7 21
43 56 42 56
56 9 55 9
44 63 45 63
36 13 35 13
34 -76 34 -77
19 44 19 43
70 2 70 1
-27 16 -26 16
44 -20 44 -21
83 14 84 14
65 -35 64 -35
30 31 30 30
58 -72 58 -73
-79 -9 -79 -8
46 -75 46 -75
-5 -15 -6 -15
93 -15 93 -16
-14 -55 -15 -55
34 14 34 13
-28 -1 -28 -1
-46 -11 -45 -11
-80 -29 -81 -29
-26 -11 -27 -11
58 70 59 70
75 -65 74 -65
-7 64 -7 63
34 84 34 85
56 44 57 44
-25 74 -25 73
-23 -62 -23 -63
-5 -41 -6 -41
-58 40 -57 40
-3 51 -2 51
-1 -94 -1 -94
-36 55 -37 55
22 -31 21 -31
-87 26 -86 26
32 28 32 29
35 -90 34 -90
73 13 72 13
-53 -13 -53 -12
-64 55 -65 55
1 -83 0 -83
80 -32 80 -33
22 -16 22 -16
37 72 38 72
-37 44 -38 44
-53 -34 -54 -34
67 10 67 9
1 71 2 71
81 16 80 16
79 -19 78 -19
-81 -13 -82 -13
-71 -24 -71 -25
32 -8 32 -7
-46 52 -46 52
29 -6 29 -5
-17 -95 -18 -95
-44 60 -44 60
-23 -47 -22 -47
-73 -68 -73 -67
78 -55 79 -55
-87 -39 -88 -39
47 -37 47 -36
20 -81 20 -80
-47 -73 -46 -73
41 2 41 1
91 14 91 13
36 74 36 73
12 -49 12 -49
32 77 32 78
-60 -66 -60 -66
60 -59 60 -60
-35 12 -35 12
-18 -22 -18 -23
45 33 45 34
-57 -66 -57 -67
-13 -57 -12 -57
36 40 37 40
-82 52 -82 53
7 -59 7 -60
-21 74 -21 73
7 -36 8 -36
14 -83 14 -82
23 -15 22 -15
51 -27 52 -27
23 84 23 84
-1 -6 -1 -5
47 33 47 33
36 -17 36 -18
-59 73 -59 74
29 2 28 2
0 19 0 20
42 -62 42 -62
-20 -3 -19 -3
6 -74 5 -74
29 43 28 43
64 -47 65 -47
57 -48 57 -48
50 -10 49 -10
37 57 37 57
48 42 49 42
20 -11 20 -11
20 -47 20 -47
-87 11 -87 11
13 -30 13 -29
-52 49 -51 49
-49 -12 -49 -11
-60 5 -61 5
86 7 86 7
13 -68 13 -67
-96 1 -96 1
39 62 38 62
60 -16 60 -15
-5 9 -6 9
-29 -71 -29 -70
61 -52 61 -52
-56 -32 -56 -32
-82 -42 -82 -42
65 -44 65 -44
-25 -84 -24 -84
-33 -7 -33 -7
61 22 61 23
13 -79 14 -79
74 -45 74 -44
22 -57 22 -58
-11 18 -11 17
15 -28 14 -28
-29 -65 -30 -65
13 92 13 91
-10 61 -11 61
49 47 49 48
22 5 22 5
-15 51 -15 50
-54 -43 -53 -43
-32 47 -32 46
24 91 23 91
-83 48 -83 47
-54 -76 -54 -76
76 7 75 7
61 21 61 20
-27 59 -27 58
-73 -11 -73 -10
17 28 17 27
74 9 75 9
-26 26 -26 27
58 -78 59 -78
-6 -16 -6 -15
-73 -52 -73 -51
76 44 76 44
22 -13 21 -13
39 10 40 10
-24 -28 -24 -28
-16 -54 -17 -54
8 84 8 85
44 83 44 82
30 92 30 92
-66 9 -66 8
-47 24 -46 24
56 -76 56 -76
57 81 57 81
98 19 98 19
52 -56 51 -56
30 -17 30 -17
79 -3 79 -4
55 -25 55 -25
65 40 65 39
-21 67 -21 66
-30 45 -30 46
23 -33 23 -32
-26 49 -27 49
67 -44 67 -43
6 -13 7 -13
-1 8 -1 7
-20 40 -20 41
-54 73 -54 73
33 -7 33 -8
18 97 19 97
44 -39 44 -38
31 -4 31 -3
-37 47 -37 48
68 51 68 52
-13 -44 -13 -44
-15 -28 -16 -28
-30 63 -30 63
38 25 38 25
59 -37 59 -38
5 7 5 7
33 28 33 27
-47 -73 -47 -73
54 -33 55 -33
-22 -12 -23 -12
-28 35 -28 36
-30 -29 -31 -29
-23 23 -24 23
97 -4 97 -5
-7 -49 -8 -49
17 47 18 47
-26 40 -26 40
-15 -15 -15 -15
70 23 70 23
-23 -13 -23 -12
78 23 78 23
-1 -74 -1 -74
49 5 49 5
49 76 49 77
87 44 86 44
-13 3 -14 3
-81 -51 -81 -50
63 -53 62 -53
22 -54 23 -54
4 -60 5 -60
82 -28 82 -28
-84 1 -83 1
83 -36 84 -36
-58 -73 -57 -73
-12 55 -12 55
-43 77 -42 77
34 1 33 1
12 87 12 86
-41 34 -40 34
18 -24 17 -24
64 -67 64 -68
-49 2 -50 2
56 31 56 32
-39 26 -38 26
-25 -37 -25 -36
97 -16 98 -16
-64 -15 -64 -16
-71 -60 -70 -60
34 -32 33 -32
-29 69 -29 69
65 -28 65 -29
37 -74 38 -74
-17 31 -17 31
-59 -42 -59 -42
-39 33 -40 33
-17 50 -17 50
20 -27 21 -27
-15 -51 -15 -51
-41 -57 -42 -57
-14 -94 -13 -94
-2 69 -3 69
38 -45 38 -44
72 -45 72 -44
-29 94 -28 94
-12 45 -13 45
57 -7 58 -7
-36 -1 -37 -1
-60 -65 -59 -65
-7 88 -8 88
-2 -20 -1 -20
30 74 30 75
-29 -92 -28 -92
-46 66 -46 66
50 -35 50 -34
0 -86 -1 -86
-43 61 -44 61
40 78 40 77
-12 66 -12 66
-55 -15 -56 -15
-61 59 -62 59
50 22 51 22
-44 50 -44 51
-3 1 -3 2
-73 56 -73 55
-88 -45 -88 -46
54 -73 54 -73
-35 60 -35 61
-39 0 -38 0
18 49 17 49
-73 43 -73 42
70 -54 69 -54
60 -63 61 -63
-29 80 -29 80
69 -39 70 -39
-44 -28 -45 -28
91 5 92 5
65 65 65 66
27 -21 27 -20
-32 67 -32 68
-69 55 -68 55
-7 25 -7 25
-1 -4 -2 -4
72 -56 71 -56
-38 -84 -39 -84
64 23 64 22
-8 82 -8 83
-92 5 -92 5
14 13 15 13
30 82 30 83
22 -50 23 -50
67 61 67 61
-69 33 -69 32
-90 -18 -90 -18
31 -83 30 -83
59 -52 60 -52
12 -71 12 -70
-40 -44 -39 -44
17 -17 17 -18
-23 2 -23 1
19 73 19 74
-3 -57 -4 -57
-73 7 -73 7
60 -70 59 -70
-47 -34 -48 -34
-10 -62 -10 -62
-34 -17 -33 -17
18 69 17 69
-47 -3 -47 -3
-41 58 -40 58
-32 18 -33 18
-83 -21 -84 -21
50 -47 50 -47
34 14 35 14
26 75 26 74
-66 -58 -66 -59
-62 -41 -61 -41
45 -39 45 -39
-42 -20 -42 -19
-93 22 -94 22
54 -66 54 -66
17 -33 18 -33
-73 59 -73 60
34 64 33 64
17 96 17 96
18 -97 18 -98
-32 -47 -33 -47
48 39 49 39
3 -50 3 -49
-17 82 -17 82
-21 78 -21 79
28 29 28 30
-44 -51 -43 -51
70 -56 70 -56
-41 11 -41 11
53 -54 53 -55
33 -7 33 -7
34 -73 33 -73
44 36 44 37
61 -4 62 -4
1 77 1 77
-21 -3 -20 -3
8 40 8 41
-51 -3 -50 -3
32 49 33 49
41 75 41 76
-90 32 -90 32
-51 -66 -51 -65
-85 52 -85 51
-3 -11 -4 -11
93 -35 92 -35
6 -46 5 -46
89 32 89 33
4 74 4 75
2 -45 2 -46
2 96 2 95
94 -31 93 -31
-31 61 -31 62
32 -8 32 -9
-78 -18 -78 -19
77 14 77 15
-49 11 -49 11
41 -56 41 -57
-17 -78 -17 -77
-6 64 -7 64
-48 -23 -48 -24
-34 -58 -35 -58
62 29 62 30
17 31 17 32
-25 4 -25 4
-95 -21 -95 -21
-4 57 -4 58
12 -62 12 -63
36 5 37 5
-20 71 -20 70
41 -39 41 -40
-25 -50 -24 -50
-80 46 -79 46
88 -28 88 -28
-44 85 -44 86
51 -71 51 -70
-68 -19 -68 -18
-17 17 -17 16
-72 64 -72 64
81 39 80 39
-82 33 -82 33
80 49 80 49
-49 -53 -50 -53
72 65 72 66
-69 1 -70 1
-36 -39 -36 -39
-73 38 -72 38
-47 -68 -47 -69
-62 36 -62 37
55 -41 56 -41
-58 -32 -58 -32
-89 2 -89 2
19 -25 20 -25
46 62 46 61
2 -73 1 -73
67 26 66 26
-51 -31 -50 -31
-65 -42 -64 -42
39 33 39 32
-21 0 -22 0
-18 -48 -18 -49
-8 87 -8 88
-76 -10 -77 -10
38 29 38 28
-3 49 -2 49
-26 14 -26 13
57 -73 57 -74
-46 -42 -46 -43
54 65 55 65
-59 -13 -59 -13
0 55 0 56
33 1 33 0
-28 -18 -29 -18
-42 40 -41 40
-42 -57 -42 -57
70 -16 70 -16
35 4 35 4
9 84 9 84
32 -30 33 -30
-30 17 -30 18
-71 6 -72 6
-66 66 -66 65
63 -48 62 -48
-87 6 -88 6
16 40 17 40
-57 68 -56 68
69 37 70 37
3 -17 4 -17
48 69 48 69
-38 -50 -38 -49
8 83 8 82
-21 -89 -20 -89
-15 10 -15 11
-4 65 -5 65
-15 76 -14 76
36 6 35 6
63 -59 62 -59
-90 -17 -90 -16
68 72 68 72
-69 -59 -68 -59
26 29 25 29
-5 -88 -6 -88
15 68 15 69
-42 -72 -43 -72
7 -66 8 -66
42 16 42 16
21 89 21 90
4 8 4 9
-57 44 -58 44
-71 26 -71 26
-87 -36 -87 -35
-78 42 -78 41
-49 -13 -50 -13
17 -97 17 -97
