100
20 14 18 12
34 41 33 39
15 43 16 45
60 -58 60 -59
43 74 43 74
-23 -68 -25 -70
88 17 89 16
42 -82 42 -82
19 96 17 97
38 49 37 48
-74 -61 -72 -60
90 -38 89 -36
-59 -13 -57 -13
50 27 52 29
-6 25 -4 27
16 -59 17 -57
-16 -10 -19 -10
-94 -16 -94 -15
-11 85 -9 83
24 12 22 11
88 42 90 40
69 -46 67 -45
67 11 68 11
-82 40 -82 41
0 -74 2 -75
43 56 43 55
-72 -7 -70 -9
-95 -2 -93 -2
35 70 33 68
13 5 16 5
-17 85 -18 86
-20 5 -20 4
14 36 12 34
-44 2 -47 2
-48 70 -47 72
45 -54 44 -55
-35 18 -33 16
32 72 32 73
15 22 17 23
-23 -16 -26 -16
-19 -39 -21 -39
20 64 21 64
89 14 90 14
-43 -39 -41 -37
-13 -63 -16 -63
87 -14 87 -17
-98 -17 -96 -19
-43 50 -42 49
65 62 63 61
40 18 41 19
-73 -58 -70 -58
99 -13 97 -13
-29 -16 -32 -16
-32 -78 -30 -76
-67 11 -68 10
-23 39 -23 39
-33 60 -34 58
-36 34 -33 34
93 4 94 4
-7 46 -9 48
55 -5 58 -5
-5 -29 -7 -27
68 -33 69 -35
30 -36 30 -34
42 77 42 74
38 11 40 12
26 -92 26 -89
27 -65 29 -66
50 -48 51 -46
-7 -38 -8 -37
14 -56 15 -58
71 -24 73 -22
36 73 34 72
96 -25 94 -25
-8 65 -9 65
-26 -37 -28 -39
4 43 3 42
63 -53 60 -53
25 13 24 13
29 -78 29 -78
32 42 34 41
-72 -7 -72 -5
71 -27 70 -29
3 -20 3 -20
36 -88 38 -87
7 -68 7 -70
-17 49 -15 48
-54 60 -51 60
42 -73 42 -71
-38 -12 -40 -11
-6 -13 -4 -13
18 -59 19 -60
44 -7 44 -4
-7 -57 -6 -58
27 32 27 32
-22 -85 -21 -83
-18 -13 -16 -14
-95 8 -93 9
9 74 9 77
-73 50 -74 51
