1000
71 60 74 62
22 81 25 82
-85 14 -84 17
-86 38 -86 41
49 29 48 25
-24 12 -22 9
-50 68 -46 66
91 -40 89 -42
-42 48 -46 45
44 31 40 30
-15 -33 -13 -35
-29 -82 -29 -79
60 -42 58 -42
58 -59 59 -62
1 54 5 53
-11 78 -7 76
44 -73 47 -76
68 52 69 49
5 24 7 28
5 -28 4 -28
37 63 33 64
13 40 12 38
-25 45 -25 49
-32 -70 -30 -74
-18 68 -15 67
-4 62 -4 57
-63 42 -67 45
-56 -65 -57 -68
-8 14 -8 9
-54 -23 -52 -20
-19 73 -20 73
-23 87 -25 83
-41 28 -40 30
77 -48 77 -51
-1 -98 -4 -94
-44 -64 -41 -63
43 61 39 60
-1 -43 -2 -42
-44 39 -44 34
-62 -22 -57 -22
22 64 19 65
-19 0 -15 -3
-84 11 -80 13
83 -26 85 -24
-22 -23 -20 -21
24 63 27 62
-59 -70 -56 -74
-76 12 -72 13
55 -49 58 -45
-4 -23 -4 -28
-92 -31 -91 -31
44 -72 46 -69
-49 26 -45 29
-44 -39 -39 -39
-10 88 -8 91
-7 -64 -4 -63
73 32 76 28
59 -51 55 -50
-44 27 -40 24
3 44 7 43
39 -32 38 -36
-69 -7 -65 -8
25 5 26 4
-83 23 -83 20
-80 -23 -77 -26
-73 7 -71 6
90 21 89 24
2 -23 0 -20
-13 -83 -12 -83
-18 61 -16 62
-88 43 -91 40
35 80 36 83
-42 -41 -39 -40
-33 6 -33 9
26 86 27 89
-90 5 -93 4
79 -21 82 -23
-49 36 -48 37
16 83 11 83
5 -40 7 -39
-16 -14 -15 -17
-82 39 -84 38
56 -6 55 -8
65 -73 63 -75
8 63 6 59
-44 16 -44 11
65 31 66 27
35 18 33 15
-41 -49 -43 -46
-4 -24 0 -21
-53 -53 -55 -56
55 16 56 15
45 -7 48 -8
84 -51 81 -51
55 -3 56 -5
22 -38 24 -35
32 82 34 83
10 99 6 99
-79 6 -80 3
13 89 17 87
-49 77 -49 76
5 -36 5 -38
9 84 11 83
-85 22 -83 22
-64 -34 -68 -32
-75 -48 -74 -46
30 -83 28 -81
-30 30 -34 32
-86 -40 -88 -39
-22 29 -19 29
-27 -76 -31 -76
-16 74 -17 77
-20 -4 -20 -4
7 8 9 4
-9 -47 -5 -48
-12 31 -13 28
-23 -96 -25 -92
-69 12 -72 9
30 56 29 57
39 -81 42 -83
10 94 14 93
38 21 40 22
-46 80 -43 76
18 89 18 88
13 -83 16 -86
18 14 18 9
-98 14 -97 14
-25 -5 -23 -8
-5 51 -4 54
0 -65 1 -62
-12 -85 -16 -85
-73 -15 -69 -17
29 11 29 14
15 -80 16 -79
12 12 16 9
31 -11 28 -10
-14 -58 -13 -55
24 -81 23 -84
58 46 61 43
46 35 46 32
-88 5 -85 6
83 -23 83 -24
-75 -56 -77 -57
-63 22 -60 26
-46 79 -45 78
72 51 76 50
-3 -86 -5 -88
10 67 6 69
40 -67 36 -65
19 -68 15 -68
44 34 44 38
9 47 7 51
38 34 39 36
54 20 52 17
82 19 82 14
70 58 70 56
37 0 41 0
91 24 93 23
-58 -75 -62 -76
-43 46 -40 47
62 -16 63 -18
34 -83 35 -85
-3 42 -6 45
-11 82 -15 82
-6 3 -10 2
51 7 51 4
33 92 31 92
16 -92 11 -92
3 -71 6 -71
-53 -63 -50 -63
-90 -30 -88 -28
15 98 16 96
-15 -98 -14 -99
6 -40 7 -40
-79 53 -82 51
18 40 19 44
76 -22 80 -21
-30 -32 -28 -30
-8 33 -4 31
-55 8 -52 12
-33 -40 -30 -40
43 -10 48 -10
-95 11 -98 11
40 0 36 -3
15 93 11 94
24 -83 28 -86
56 17 58 16
-81 -54 -82 -51
-12 32 -15 31
-37 61 -39 62
0 64 -1 62
60 7 56 8
41 43 42 43
6 -6 9 -8
82 36 78 38
-40 68 -36 65
-7 -47 -12 -47
-6 -58 -4 -59
-4 42 -8 42
27 -67 25 -69
-10 35 -7 37
-90 -32 -92 -33
92 -17 90 -15
63 -55 64 -56
-17 -82 -17 -83
-27 -96 -27 -93
-91 34 -89 35
-72 66 -71 66
70 15 70 18
-93 -10 -92 -10
-17 -21 -14 -21
-7 22 -6 23
63 39 66 37
56 4 60 1
84 -32 83 -28
98 -18 96 -16
85 52 86 48
-2 79 0 81
-4 -17 -5 -13
-43 8 -43 4
74 30 71 31
-54 52 -58 50
53 -70 54 -68
2 -60 -3 -60
31 -64 31 -68
95 -7 97 -3
33 -43 36 -43
72 -63 69 -64
90 15 88 16
-53 -69 -51 -73
10 -58 13 -62
13 -35 14 -36
39 51 37 51
-6 23 -5 25
-18 -68 -21 -67
-95 -29 -96 -25
-60 -27 -61 -26
24 61 26 63
78 -62 77 -62
20 -34 22 -34
-35 -66 -40 -66
-58 10 -58 9
-3 -65 -5 -68
9 73 8 73
4 -56 2 -60
9 42 9 37
18 92 17 90
46 -73 50 -70
-40 -65 -43 -62
-21 -7 -24 -11
-33 -92 -36 -91
66 2 65 5
-65 -63 -61 -64
-48 -85 -49 -84
-2 -94 2 -94
62 14 58 15
82 45 84 42
56 -67 59 -69
-77 48 -76 46
-59 -61 -62 -65
-58 41 -55 42
5 -61 9 -63
-29 -20 -31 -22
-30 -55 -28 -53
69 -24 67 -23
-33 81 -35 79
-29 67 -33 68
62 -4 63 -3
86 16 85 12
0 2 -3 5
-5 -58 -1 -59
-40 69 -36 66
54 41 52 43
0 -33 0 -29
46 8 44 9
47 23 47 28
15 25 16 26
15 -50 15 -45
-38 73 -37 75
9 38 8 39
19 97 14 97
50 81 52 80
49 -22 49 -19
-73 -43 -69 -41
71 -67 68 -66
50 -69 47 -67
18 24 17 22
4 -1 2 2
85 11 83 10
71 -33 68 -34
-2 -78 0 -78
-23 -39 -23 -41
3 78 6 75
85 -34 82 -30
-43 50 -42 51
41 70 41 74
-59 -36 -55 -33
-85 -39 -81 -39
-98 9 -95 6
-62 64 -63 64
-34 -28 -32 -25
38 39 40 35
45 -85 48 -87
96 -11 97 -15
38 21 39 19
-54 -3 -53 -3
-19 -37 -22 -38
-32 -36 -33 -36
-30 69 -28 67
32 24 29 26
-74 22 -77 22
43 0 43 -1
-11 61 -8 63
-28 9 -26 8
31 93 31 92
58 5 56 9
-22 -41 -26 -39
97 22 94 18
25 82 27 83
-64 9 -63 12
-94 -26 -94 -25
-85 -38 -88 -36
64 63 60 60
-2 -58 2 -61
4 64 7 62
55 10 51 12
49 -54 44 -54
9 -10 11 -6
-24 42 -26 45
16 26 14 22
-51 -84 -51 -85
-22 -15 -24 -15
31 -72 33 -72
33 -64 30 -62
41 91 37 91
8 94 11 93
22 31 18 30
16 43 16 48
-24 57 -24 59
-53 -70 -56 -70
-48 -85 -45 -89
56 60 60 57
80 -38 81 -35
-46 0 -48 2
23 45 20 49
54 -84 52 -84
-36 60 -33 63
36 -76 40 -73
31 -94 33 -90
86 -13 85 -11
-57 54 -55 58
-46 -50 -43 -52
4 0 2 3
24 -94 26 -91
-45 14 -48 15
2 9 0 5
-4 -24 -4 -25
48 -52 51 -50
42 -72 44 -69
-96 20 -93 21
-30 -41 -30 -41
-66 69 -63 72
33 85 34 84
71 15 68 14
-22 85 -25 87
-72 66 -69 65
48 -39 48 -36
51 77 48 78
40 -60 43 -58
-63 37 -59 40
12 -31 12 -35
10 46 9 43
50 5 50 10
-63 -17 -62 -14
53 -14 51 -15
-27 4 -25 7
-78 12 -74 14
-87 33 -84 31
-57 -36 -57 -37
4 21 2 17
-15 58 -16 62
-28 -92 -31 -91
46 -40 43 -44
-18 -15 -15 -18
-50 -39 -48 -39
-14 -12 -11 -13
12 -13 12 -13
69 -50 68 -53
31 29 34 31
-81 35 -81 39
-66 25 -69 26
91 23 95 25
-26 -76 -23 -76
-20 -29 -17 -31
-34 -28 -33 -26
85 -22 87 -22
38 50 36 47
79 -2 75 0
-79 14 -79 15
58 18 57 15
42 -37 38 -35
28 75 29 76
-23 57 -25 57
1 54 5 56
25 -16 22 -19
3 -89 3 -89
70 -46 69 -47
-78 17 -75 20
9 -28 8 -28
18 11 18 8
34 1 33 2
-56 -73 -56 -76
24 -68 25 -66
29 -55 29 -54
-43 -15 -45 -19
79 -8 77 -6
-2 10 -4 9
-44 -82 -44 -80
-60 -63 -61 -59
42 54 44 56
76 -24 74 -27
-76 36 -76 37
-33 -90 -30 -93
-32 -50 -32 -46
-68 -2 -72 -5
-35 74 -36 73
43 -36 44 -33
-55 -67 -53 -63
47 -5 45 -4
75 -50 80 -50
51 -7 54 -6
-56 -7 -60 -6
-56 -9 -56 -7
57 65 55 64
17 82 18 81
-48 -51 -48 -56
-2 -67 -3 -64
-2 -85 -1 -83
69 28 73 29
-64 -12 -66 -12
7 -72 10 -71
28 -9 32 -9
-1 -33 -3 -35
-11 35 -15 34
-12 65 -16 63
-32 10 -32 6
52 66 55 69
-94 4 -97 0
-92 -29 -96 -28
-7 67 -3 66
20 10 17 13
-36 6 -36 11
-44 -74 -44 -69
-30 77 -29 78
-55 17 -51 20
30 82 29 85
0 -11 -1 -12
6 -78 6 -79
90 6 88 2
65 -46 66 -42
-27 -96 -26 -92
0 0 0 1
-49 38 -52 39
37 -88 39 -89
19 69 15 70
79 1 83 4
-46 -40 -43 -36
-57 66 -56 68
27 53 26 50
-38 71 -35 69
-42 68 -45 68
-1 -59 -2 -57
33 -40 35 -38
-49 -62 -45 -61
-8 -90 -6 -90
-19 35 -16 36
34 -27 29 -27
-1 68 1 67
59 -34 57 -30
66 -69 62 -70
72 49 72 54
-17 3 -17 1
-77 -12 -78 -12
-5 -6 0 -6
-48 64 -43 64
45 0 43 -1
28 31 26 27
-8 54 -8 58
0 16 4 13
67 -24 71 -24
-47 33 -44 29
37 64 36 65
-40 35 -42 34
23 -96 20 -97
2 68 7 68
-27 55 -24 58
75 53 76 54
-38 37 -33 37
-79 7 -80 11
-85 -50 -82 -54
-19 -56 -23 -54
-61 -66 -62 -62
-7 63 -10 60
-58 -26 -60 -28
45 32 43 33
-35 -39 -33 -40
-58 78 -61 78
7 -34 6 -38
-75 58 -73 62
15 69 16 71
-70 -68 -67 -70
-33 48 -34 49
-21 54 -23 52
-76 -25 -81 -25
-1 -89 -1 -91
-54 -72 -50 -69
-24 53 -20 50
-1 -10 -2 -14
46 -40 42 -40
59 -43 59 -43
24 -50 22 -47
-38 25 -42 25
-6 70 -8 73
-48 61 -51 64
22 -49 18 -50
-53 -33 -51 -36
75 21 78 19
31 4 30 2
-26 19 -30 16
-30 50 -26 49
77 -19 75 -16
67 -46 63 -47
-57 -77 -54 -80
69 -20 68 -20
-27 -20 -29 -19
5 36 3 33
5 -93 4 -96
62 -28 62 -29
-28 66 -32 67
67 -1 69 -4
39 53 38 51
-46 -64 -48 -65
-65 -55 -61 -53
-51 9 -46 9
-41 88 -39 87
45 41 42 37
7 -26 4 -29
-38 47 -35 49
40 -51 44 -53
-9 49 -10 52
-41 -14 -43 -16
-39 60 -39 60
92 34 90 37
-25 -6 -25 -3
-31 -36 -32 -40
73 36 72 39
-11 -23 -7 -25
34 -73 38 -73
-30 77 -33 76
77 -56 74 -58
16 56 18 55
29 66 26 63
-91 -14 -87 -17
43 -45 47 -46
-94 6 -93 4
21 -6 23 -8
-15 -76 -11 -79
-56 -61 -58 -59
-70 18 -73 20
33 31 33 36
47 -84 51 -84
34 39 32 40
-15 -47 -14 -49
73 13 73 17
-8 73 -12 70
8 -83 8 -81
-12 99 -11 99
-63 15 -64 16
-40 -18 -38 -22
32 52 30 51
-56 54 -58 50
-29 -22 -33 -22
8 99 3 99
-65 50 -62 49
-57 39 -58 41
25 48 25 46
4 -51 3 -53
70 48 68 51
-69 -40 -68 -44
-12 -47 -11 -50
55 49 59 48
-76 21 -76 23
36 7 33 8
-41 -62 -38 -64
11 -75 8 -78
63 58 66 61
-33 -90 -31 -88
24 2 25 1
-90 -37 -92 -38
-32 65 -31 63
90 32 91 30
-28 -21 -24 -19
12 90 11 88
-27 25 -28 28
87 9 83 9
73 -11 73 -11
43 -26 42 -23
-85 12 -86 14
-74 -36 -74 -39
42 -83 40 -87
-81 32 -84 31
-31 -53 -27 -55
-59 -45 -62 -42
-15 21 -15 24
-30 13 -25 13
-65 -44 -61 -41
-3 13 -1 9
35 75 35 72
83 27 85 27
-37 -43 -34 -46
26 -75 23 -75
-56 -31 -53 -31
-57 9 -61 11
-10 -2 -6 -4
91 4 95 6
-24 -85 -21 -83
26 -77 23 -74
-38 42 -38 42
-34 -65 -32 -62
-68 -51 -66 -48
-18 17 -18 17
-57 81 -53 84
2 -31 4 -31
-59 31 -56 31
58 -58 61 -60
78 -30 81 -30
46 35 46 37
17 -74 16 -72
-63 -2 -65 -6
-18 -50 -21 -47
-60 14 -60 19
29 -39 26 -40
-10 -19 -10 -14
-20 20 -18 17
-32 56 -29 53
18 -6 20 -2
48 81 44 79
28 43 31 39
-84 44 -86 45
43 -35 42 -36
21 -47 20 -43
-44 86 -45 87
-24 -14 -20 -16
43 -4 43 -9
63 49 60 52
-57 -48 -55 -45
8 39 10 37
38 -19 38 -15
49 -39 46 -39
-6 26 -7 25
-61 -26 -58 -22
-54 -44 -54 -47
57 -76 56 -79
37 -85 35 -85
-94 -32 -92 -33
81 29 78 26
41 55 39 58
-31 65 -32 66
-54 83 -51 82
-48 -32 -45 -29
-20 21 -16 23
-55 67 -54 67
65 -17 63 -19
71 0 69 2
-11 74 -9 72
91 35 87 37
-87 -35 -87 -33
-23 -6 -25 -2
-56 28 -60 25
3 28 3 29
6 -49 1 -49
34 56 38 55
-69 4 -72 7
53 58 49 61
-3 -31 -2 -30
21 -54 19 -58
43 2 43 1
78 42 78 37
-20 32 -22 29
75 49 79 46
44 -52 43 -54
-17 -45 -17 -47
-19 95 -14 95
-77 -49 -79 -49
-39 -64 -39 -66
37 -79 40 -80
11 86 13 84
56 79 57 82
3 33 1 35
-59 -57 -56 -59
-78 42 -81 41
-74 4 -76 4
-84 -6 -86 -7
-4 -89 0 -91
73 -35 73 -31
-3 -53 -4 -50
18 44 16 45
33 63 34 63
-24 -25 -21 -26
71 10 68 13
23 34 24 35
74 -54 71 -52
-41 -91 -38 -89
-5 67 -5 63
-50 56 -53 57
-85 40 -82 42
57 -12 56 -8
-72 -38 -76 -40
-25 11 -25 6
11 -50 10 -47
81 23 83 26
42 -23 38 -23
67 -5 70 -3
69 59 69 55
32 94 32 91
-25 62 -28 60
35 21 33 21
55 71 53 67
65 -9 67 -13
80 39 84 39
-48 41 -51 38
6 24 3 25
48 11 52 12
41 91 43 90
17 9 16 5
-58 57 -58 55
22 -33 22 -38
-82 10 -79 9
72 -12 75 -14
2 81 2 79
-10 -79 -14 -77
23 55 22 59
76 9 76 9
-6 55 -3 53
14 3 14 0
30 -71 30 -75
-73 1 -77 1
33 -34 29 -37
-39 -1 -37 -2
69 -70 73 -67
54 22 55 23
63 56 60 54
45 -70 46 -72
-31 65 -35 66
-26 78 -30 81
66 -74 66 -72
12 88 15 91
47 14 43 12
-45 -7 -41 -4
-29 28 -28 26
-12 19 -14 21
-85 -18 -89 -16
57 5 57 3
11 -7 15 -4
-60 -46 -57 -46
46 -41 47 -38
3 -85 3 -80
31 -49 32 -50
-14 88 -13 90
-20 34 -18 30
-17 40 -14 40
-10 -42 -12 -43
68 9 64 9
-20 6 -22 9
-34 -24 -31 -24
3 22 4 20
69 -48 65 -49
-54 -63 -50 -60
36 -29 34 -26
15 7 14 5
-46 -66 -46 -71
40 69 41 73
8 24 5 20
22 76 21 75
41 -47 44 -43
-36 -52 -38 -52
54 -33 58 -32
-38 48 -38 44
66 -45 70 -43
73 -26 76 -28
11 -85 10 -89
-25 -48 -23 -50
-64 72 -64 76
-75 46 -80 46
17 -16 14 -19
42 -47 38 -44
-88 -7 -91 -4
35 -79 31 -82
-66 39 -63 36
-40 -8 -38 -8
-6 -50 -1 -50
6 -71 7 -73
69 2 72 4
-23 47 -26 47
-40 -45 -37 -42
85 -4 88 -4
12 29 15 29
46 65 42 62
-88 -36 -88 -35
-58 48 -58 45
-85 49 -86 46
17 -27 14 -29
-25 18 -27 21
-18 12 -21 10
51 -69 55 -68
15 -53 18 -56
-66 8 -66 11
3 -1 4 -2
63 -36 65 -37
49 -22 49 -19
72 -24 72 -23
-21 -42 -23 -41
-28 -26 -24 -24
-15 58 -17 56
-56 9 -58 10
-61 -8 -61 -9
-65 -11 -67 -7
-27 55 -25 55
78 -19 81 -20
-31 93 -34 89
-76 36 -78 36
45 -69 45 -72
77 -32 74 -31
61 70 60 71
22 -75 26 -77
-18 -69 -15 -69
-51 -43 -51 -43
52 76 49 80
78 -6 83 -6
11 -38 13 -39
-26 -64 -28 -63
81 -29 77 -32
-12 44 -13 47
85 25 89 25
-22 -20 -20 -19
25 -85 24 -84
45 -33 47 -34
-58 34 -55 37
-26 -42 -28 -40
12 29 13 32
-50 -5 -46 -2
51 -62 52 -60
44 -78 46 -78
40 28 44 27
-37 11 -41 11
-2 35 -4 37
-31 -12 -29 -16
-76 -55 -79 -55
69 -40 65 -42
65 11 66 15
50 37 48 36
16 74 12 71
67 45 63 45
59 68 60 67
-58 51 -55 54
-67 -28 -71 -25
70 27 68 31
79 -15 77 -19
-97 -21 -93 -23
32 -41 36 -39
19 -91 16 -90
29 62 32 59
66 -3 66 -3
-2 75 -6 77
12 29 9 29
-69 58 -71 59
24 78 21 80
48 18 51 17
41 58 44 58
0 81 2 80
-33 -10 -31 -13
-52 -54 -54 -51
76 14 76 12
-21 -7 -20 -4
19 -26 19 -31
27 43 24 42
50 -25 50 -25
2 -47 2 -50
-23 58 -22 61
-8 50 -8 48
75 28 72 30
83 45 80 48
71 -32 73 -34
-55 30 -52 27
-79 -54 -75 -54
96 -3 97 -4
-42 63 -40 67
-61 43 -62 41
21 -86 22 -85
96 5 96 9
65 40 62 42
-47 -42 -48 -44
-54 4 -53 6
54 74 53 76
-25 -87 -26 -91
58 32 56 30
-33 4 -35 8
68 60 71 56
-91 13 -87 14
-41 -51 -39 -47
69 37 70 33
31 34 32 33
33 56 38 56
57 -62 60 -65
-45 -75 -48 -72
-14 0 -12 -4
72 35 73 36
65 -18 61 -16
36 35 36 35
16 53 14 53
-10 -82 -14 -79
-59 -72 -59 -74
-33 -87 -37 -87
90 -5 87 -1
-23 0 -23 -2
-68 -68 -69 -69
-34 18 -34 21
-78 55 -79 55
12 86 12 83
-24 92 -27 89
20 71 22 73
41 57 44 57
-62 -76 -65 -74
-7 54 -6 55
-51 76 -49 77
-18 -95 -14 -92
-51 -43 -55 -42
-16 0 -15 3
81 -58 78 -56
-19 39 -21 36
41 -90 42 -87
-4 20 -4 20
25 -26 25 -29
-22 -2 -21 2
-29 -32 -31 -35
33 37 32 37
42 -8 43 -6
14 30 12 31
3 57 7 55
14 22 14 26
96 3 93 3
34 16 38 16
-84 17 -89 17
17 44 18 42
8 99 7 96
-4 -69 -7 -65
-90 27 -90 27
-69 -44 -65 -42
-6 15 -5 11
-43 34 -46 37
-43 -70 -47 -73
-68 18 -65 15
-40 -84 -40 -86
-43 -56 -40 -60
48 75 51 77
-54 72 -51 76
-8 35 -12 36
46 -13 46 -11
11 36 11 41
-7 -77 -8 -73
-47 13 -50 13
60 66 61 65
62 -75 60 -76
-48 -9 -47 -10
82 -32 84 -28
-81 -54 -84 -53
65 68 69 69
39 -30 35 -30
-40 -38 -43 -39
-63 -47 -62 -43
0 77 -5 77
-50 3 -50 7
-79 53 -75 55
-88 43 -86 43
-82 55 -81 56
-1 8 0 10
85 6 84 7
25 89 26 87
-91 -20 -87 -18
42 -4 44 -4
6 -18 2 -21
43 -24 42 -25
-54 19 -55 15
85 -19 85 -15
-29 -11 -33 -10
-23 -1 -27 2
23 83 19 81
-30 0 -26 -3
-7 -68 -3 -66
22 62 25 60
