100
82 7 82 9
-60 24 -59 23
58 24 57 24
-57 -37 -56 -36
43 88 43 88
0 41 0 39
67 -48 66 -47
-37 -92 -37 -90
-80 -52 -81 -53
-10 56 -10 55
-50 -61 -52 -61
55 -61 55 -62
4 24 4 25
-21 -63 -21 -63
45 43 45 43
-72 -37 -71 -37
29 -94 29 -93
9 52 11 52
43 69 43 70
58 -42 58 -44
-7 -45 -8 -46
-32 68 -32 67
-4 -77 -5 -76
-51 7 -51 9
-22 64 -24 64
19 -6 20 -5
-30 48 -30 47
25 50 24 51
24 61 22 61
0 -57 -1 -57
-55 -76 -56 -77
-81 -58 -80 -59
-23 0 -23 2
8 -8 8 -6
-41 72 -39 72
-24 -48 -23 -47
32 -22 32 -23
-55 9 -55 9
88 -5 90 -5
22 90 20 90
-11 -64 -11 -62
34 -84 35 -85
94 25 96 25
-41 77 -41 76
-82 -10 -81 -9
-37 -92 -36 -93
-63 -25 -64 -26
11 -41 9 -41
3 -4 3 -3
-40 -81 -41 -80
-48 -46 -48 -47
65 70 65 69
17 -90 18 -91
-1 33 -1 34
-4 -85 -4 -87
-34 4 -34 2
20 -35 21 -34
12 -37 12 -37
-64 -49 -66 -49
-81 53 -81 52
63 66 62 66
63 -30 64 -29
-33 81 -33 83
-84 17 -85 16
10 -77 10 -78
-20 85 -20 85
-46 37 -45 38
-41 85 -41 85
31 90 31 88
-88 8 -88 10
14 -55 14 -55
59 68 61 68
-19 32 -21 32
78 57 79 58
15 -86 14 -85
9 -21 9 -19
7 80 7 82
79 -61 77 -61
-63 -2 -63 -3
77 31 75 31
-79 -41 -80 -40
80 -4 79 -4
-45 -77 -45 -77
53 31 53 29
35 -3 33 -3
-21 20 -20 21
-19 68 -19 68
-7 -80 -8 -81
-39 24 -38 23
-25 -94 -24 -94
52 -19 53 -18
4 16 2 16
59 4 57 4
30 77 29 77
56 26 56 26
-83 -49 -81 -49
-24 -26 -24 -26
32 39 33 38
-47 -45 -49 -45
-56 -59 -56 -60
