100
-51 -63 -48 -67
-35 47 -38 49
63 -63 64 -59
62 1 63 0
-13 -89 -15 -90
6 -56 9 -56
42 -66 42 -65
39 -17 35 -20
-69 62 -66 66
-60 -4 -60 -7
-51 19 -53 17
17 59 20 58
-31 1 -29 -3
-11 30 -12 28
-81 -42 -80 -38
10 64 13 65
-42 79 -45 81
-11 86 -14 90
-27 -74 -27 -76
73 -23 70 -23
1 -23 0 -22
29 -60 34 -60
44 -71 47 -73
-50 -77 -55 -77
-17 32 -14 36
-55 -44 -56 -43
8 -41 11 -39
59 76 56 76
-56 -24 -53 -24
34 -81 34 -82
-51 59 -52 55
60 33 59 37
-71 70 -69 71
52 60 53 61
-63 -61 -66 -59
37 -13 38 -16
-54 61 -50 59
-71 14 -68 10
43 56 47 53
6 95 9 96
-8 75 -8 79
-72 23 -71 27
-8 89 -7 86
85 -28 81 -26
86 35 87 39
-29 84 -29 79
5 23 5 21
-51 -73 -51 -68
78 33 80 31
11 -41 9 -39
73 4 73 4
65 -29 61 -32
24 -53 26 -49
-74 5 -71 4
-79 -6 -80 -2
-22 -23 -19 -22
-28 56 -24 55
-22 -22 -20 -22
-48 -35 -46 -35
82 -40 82 -44
24 19 22 20
60 -5 56 -4
54 -3 51 -2
53 -73 55 -69
53 -23 56 -21
-79 -20 -79 -15
25 -60 24 -58
-57 30 -53 31
79 37 80 37
12 -37 10 -38
70 -31 71 -29
8 -31 5 -35
-47 -65 -50 -64
-39 48 -41 48
45 -30 48 -34
90 10 90 15
0 49 1 46
69 -70 71 -68
-28 88 -28 90
-59 73 -60 69
25 72 28 71
66 -29 65 -25
20 40 16 37
-35 -81 -36 -84
-57 -9 -60 -7
55 -36 54 -33
37 7 39 7
-72 1 -72 1
-63 69 -63 73
-81 -37 -84 -39
-77 -47 -80 -43
-97 -15 -95 -14
87 -14 88 -15
63 -42 62 -44
77 -8 81 -6
-32 84 -35 85
17 -7 20 -10
59 -77 61 -73
62 -64 66 -64
-53 -68 -56 -67
