1000
33 59 35 58
-19 53 -18 54
-32 -52 -32 -52
-72 36 -73 36
-68 -17 -66 -18
83 52 83 55
63 16 65 17
70 -6 68 -4
6 -95 6 -94
-38 -40 -36 -42
-43 78 -45 76
-4 1 -6 -1
-31 -56 -30 -58
-43 31 -45 32
16 63 19 63
-45 75 -47 77
27 31 29 33
16 55 15 56
13 -75 14 -76
-32 64 -35 64
61 -12 61 -13
29 17 28 15
14 71 13 69
50 36 52 36
65 54 62 54
7 -43 9 -42
-42 8 -45 8
67 20 67 18
-3 -59 -4 -60
-44 18 -44 15
-3 -65 -1 -63
-51 -71 -53 -73
-26 -41 -26 -41
11 49 8 49
3 -24 4 -22
-26 35 -27 36
-15 -96 -17 -94
-30 -24 -33 -24
0 -50 -1 -50
36 54 35 55
-38 53 -39 52
83 40 83 40
-87 -43 -90 -43
-71 -5 -69 -5
91 -40 88 -40
22 -6 22 -4
-73 -18 -72 -18
70 -27 70 -30
-55 56 -54 55
-56 6 -55 8
25 -93 25 -94
-33 -12 -31 -12
-56 46 -56 47
-63 -63 -64 -62
-29 -64 -29 -63
-31 93 -29 91
-47 -85 -49 -84
-49 39 -50 41
72 -1 73 -3
35 23 36 24
12 98 13 97
-65 -3 -67 -2
2 5 -1 5
-78 -18 -77 -18
3 63 4 62
-33 73 -35 71
10 4 12 5
5 -3 3 -3
-20 -74 -20 -76
-25 61 -25 63
-27 21 -27 23
45 -81 44 -80
-65 74 -62 74
12 -67 10 -66
-4 28 -2 28
-2 -71 -1 -69
-46 -34 -46 -32
-39 51 -39 49
-64 -16 -62 -17
-60 -40 -62 -39
-18 -69 -18 -66
26 -53 27 -51
-72 -68 -74 -67
23 -52 21 -50
-65 -40 -65 -38
-14 -95 -15 -95
9 96 9 94
83 9 83 8
76 -42 76 -39
9 -99 10 -97
23 -36 25 -36
4 62 4 61
73 -66 74 -64
12 -7 11 -5
21 -70 19 -69
-73 21 -74 19
-21 -40 -20 -39
94 21 94 23
8 77 6 78
-54 76 -54 75
-88 -8 -88 -11
27 -22 25 -21
-56 -66 -54 -65
3 3 3 3
-70 -39 -68 -37
17 -97 18 -98
81 -56 83 -55
35 -1 33 -3
51 1 52 1
26 -8 24 -7
0 42 1 43
69 -59 71 -57
-54 -75 -55 -74
60 0 58 1
66 41 63 41
-45 48 -46 48
-62 -66 -59 -66
33 -89 35 -90
-17 -90 -20 -90
17 -35 15 -36
-45 -48 -43 -46
35 37 35 37
-1 80 -1 80
-93 -18 -91 -18
-52 47 -50 49
-86 -35 -85 -37
-57 -5 -55 -5
-54 10 -55 8
-88 -21 -88 -22
43 -32 42 -32
93 4 95 6
-87 12 -89 13
29 14 32 14
-40 -6 -40 -5
-24 23 -22 24
-76 11 -77 12
65 -13 63 -15
30 -68 30 -66
-35 -80 -37 -79
10 73 9 73
21 -8 20 -9
-4 79 -3 79
-7 -82 -9 -80
2 8 1 9
-58 18 -56 16
-24 -59 -22 -57
50 25 48 26
-60 72 -61 73
-45 -34 -44 -32
25 74 25 72
-48 -81 -48 -78
18 -60 20 -62
-33 22 -35 24
-51 -35 -50 -33
32 -20 32 -22
-22 -9 -23 -11
8 -71 6 -70
-66 28 -64 26
9 -43 9 -42
6 -31 6 -33
-50 63 -50 66
60 56 61 57
76 -11 78 -13
-13 21 -15 19
16 -58 14 -56
67 -7 64 -7
-3 -88 -1 -90
-52 37 -52 35
-78 54 -78 51
-12 35 -11 35
13 -5 13 -2
13 -76 15 -78
45 -12 46 -13
66 -63 66 -63
61 -22 62 -20
-78 31 -80 29
-27 9 -27 12
-2 74 -3 76
-17 -20 -17 -19
11 32 9 32
16 -86 15 -87
-18 9 -20 11
32 -68 33 -66
47 -18 45 -17
56 -34 54 -36
-10 -55 -11 -53
35 -93 36 -91
75 -53 73 -53
52 -21 52 -24
47 -88 45 -88
55 28 56 28
-90 -19 -92 -19
-59 -4 -62 -4
2 -14 3 -12
73 -8 72 -8
73 -38 70 -38
82 11 83 9
60 33 62 35
-67 34 -69 32
44 -60 44 -62
-79 -46 -76 -46
44 13 45 11
27 -84 29 -85
39 -37 37 -39
22 1 22 0
77 -6 79 -8
-61 -72 -62 -73
-79 -41 -78 -43
-24 72 -24 72
81 -20 81 -17
12 4 12 3
15 78 16 78
-29 -4 -29 -3
3 41 3 40
-27 -74 -27 -73
16 95 15 93
3 66 3 63
63 -57 64 -55
15 -97 13 -95
-13 19 -13 22
-90 3 -90 4
-42 -40 -42 -43
-51 84 -49 84
96 1 98 0
-1 92 -1 91
-33 35 -31 37
-34 -21 -34 -21
29 -20 29 -19
32 51 35 51
1 39 -1 41
68 -2 70 -4
-42 -1 -41 -2
-43 23 -43 23
64 -11 64 -14
-50 63 -49 65
0 31 -2 29
94 -23 92 -21
-31 -30 -28 -30
-1 79 -3 78
20 20 21 18
-98 16 -97 15
71 45 72 45
25 2 27 4
-9 -95 -10 -94
-24 24 -22 25
-68 62 -68 60
23 -40 22 -42
-20 83 -19 85
39 84 37 82
75 34 76 36
36 31 36 33
28 -28 27 -30
-55 70 -53 71
24 -80 23 -81
76 -27 76 -25
48 -31 48 -28
22 42 24 43
-41 -43 -42 -41
-58 4 -60 6
-60 -37 -57 -37
46 -49 45 -49
-58 -15 -59 -14
-59 -62 -60 -60
89 33 86 33
-63 -32 -65 -31
-33 3 -32 5
-51 53 -50 51
60 34 61 34
-2 -73 -2 -73
-76 18 -76 20
73 -46 71 -47
6 -18 4 -17
36 63 33 63
53 65 51 65
-19 31 -18 30
28 22 28 21
46 -12 45 -12
-28 49 -28 46
-97 -23 -96 -24
-6 -47 -8 -46
82 -2 82 -4
54 70 54 71
55 -48 53 -47
-53 36 -54 35
68 -31 68 -28
43 -39 45 -40
67 2 67 4
-7 6 -6 6
74 50 72 51
-94 21 -95 21
-42 50 -42 52
-33 58 -33 60
-4 4 -3 5
-26 92 -25 94
-24 -45 -23 -43
-33 -82 -35 -81
71 21 71 24
-35 -19 -35 -20
-82 -28 -80 -28
4 33 5 31
-95 -26 -96 -26
95 31 95 31
-74 4 -76 6
-43 -17 -43 -17
12 99 12 99
-42 -25 -43 -24
15 51 16 53
67 62 68 60
15 -43 17 -42
98 10 96 8
47 2 45 0
13 -76 12 -78
56 -55 57 -55
-10 70 -11 72
-23 -12 -25 -10
-65 35 -64 34
-70 -49 -69 -48
8 -81 6 -83
54 36 56 34
-40 -82 -38 -83
-88 9 -90 7
39 89 39 90
70 36 73 36
-8 -16 -5 -16
5 76 7 77
-14 80 -15 81
-58 3 -59 4
-75 -59 -77 -59
31 -66 33 -68
74 -37 74 -34
-6 -89 -7 -88
14 21 17 21
44 -72 44 -72
-8 -99 -6 -98
-7 60 -5 61
52 16 51 16
3 -20 1 -19
-21 55 -20 53
0 -35 -2 -35
18 32 16 30
69 8 71 8
-14 8 -16 6
21 77 23 79
-43 -31 -41 -31
-51 -29 -50 -29
-18 -18 -20 -16
-54 75 -55 75
-47 -10 -47 -11
32 -21 30 -21
17 -74 19 -74
-36 -67 -37 -65
78 28 78 30
88 33 89 31
-19 26 -21 25
12 -69 11 -69
81 -17 81 -17
17 -24 19 -24
59 -25 57 -27
61 -40 60 -40
25 -87 23 -88
-62 -43 -64 -44
-12 -40 -13 -38
24 -53 22 -55
-95 -25 -95 -24
70 40 70 43
33 85 34 85
28 -56 30 -54
-61 8 -63 10
-22 -86 -22 -83
53 -5 55 -5
15 70 15 72
-5 -17 -3 -18
-54 -69 -54 -67
-66 -11 -63 -11
-61 69 -58 69
65 25 64 26
6 -73 4 -73
80 0 78 0
94 -14 96 -14
-49 -64 -50 -62
12 -80 9 -80
2 -93 1 -91
29 57 29 60
-24 -86 -25 -85
20 -5 21 -4
47 87 46 85
63 -48 60 -48
6 -20 8 -19
-68 50 -68 50
10 -87 12 -85
-27 -83 -24 -83
67 -7 67 -10
-8 11 -10 12
5 -91 7 -91
-64 -21 -66 -21
-9 33 -8 31
51 9 49 8
14 -61 13 -61
-49 -86 -46 -86
-54 60 -55 61
-68 -7 -68 -4
11 68 9 70
53 64 53 64
-48 41 -50 42
-40 -90 -40 -91
-42 22 -44 22
-16 64 -15 66
7 90 4 90
11 64 9 63
70 61 70 61
-71 -6 -71 -3
27 -43 26 -43
94 -30 95 -29
64 71 64 69
64 -22 66 -20
25 -24 24 -26
16 -60 17 -59
44 -13 43 -14
-11 37 -13 36
-15 68 -14 70
27 -83 26 -83
80 -30 78 -28
-8 43 -5 43
60 66 60 63
-32 -64 -30 -66
-3 -69 -5 -69
29 22 27 21
-48 31 -48 34
-62 24 -63 22
16 6 17 6
-89 32 -91 31
63 -1 62 1
-75 -14 -75 -11
60 49 59 49
37 -32 39 -34
-38 -39 -39 -38
-18 -96 -18 -93
-61 -19 -59 -18
-53 -84 -50 -84
78 54 79 54
-84 25 -82 24
71 17 73 18
59 -45 57 -45
19 75 20 75
76 -54 76 -57
-17 14 -17 16
-52 6 -53 6
-34 -47 -36 -49
-44 -53 -44 -54
-75 24 -74 22
4 39 6 37
-19 13 -19 15
23 -29 21 -30
41 -78 44 -78
44 -51 44 -49
-80 48 -78 50
85 50 84 49
-96 4 -96 4
88 -31 88 -32
13 42 13 43
-15 39 -16 39
77 -53 79 -52
-33 -77 -35 -76
52 74 53 76
-45 -10 -44 -11
33 -5 31 -4
-65 -1 -66 -1
90 -6 87 -6
26 -13 25 -12
-50 8 -51 10
35 41 37 42
-53 -49 -55 -47
28 15 27 15
12 -25 13 -27
-73 -32 -75 -32
-93 -22 -93 -25
-2 -35 -4 -33
-53 -70 -53 -73
-38 -2 -38 -2
-73 23 -70 23
48 -40 47 -42
8 -28 6 -26
29 -49 29 -49
-14 94 -16 92
41 11 43 12
56 -44 57 -45
-63 -76 -63 -74
-73 -37 -73 -37
-8 -43 -10 -44
30 95 31 95
-18 81 -20 79
53 41 52 42
-61 46 -62 45
-45 36 -43 37
20 -64 20 -61
47 -51 46 -49
19 -14 20 -13
-35 16 -36 16
-55 19 -54 21
35 -8 38 -8
15 72 15 75
-24 82 -24 79
-49 83 -49 82
72 44 72 44
86 51 87 49
56 8 59 8
71 54 70 55
21 63 22 61
31 6 33 5
72 -59 72 -56
-59 -2 -59 -1
-12 73 -12 75
-81 -23 -82 -23
69 -72 68 -71
63 16 62 14
-80 54 -81 56
-28 72 -26 72
-72 -4 -71 -4
-55 -42 -54 -41
-19 -31 -18 -33
-59 24 -58 23
-41 -20 -42 -21
64 -52 66 -50
37 -33 37 -36
-14 -60 -13 -59
26 9 26 8
5 -44 5 -43
54 -70 52 -72
-2 73 -2 70
-70 -7 -68 -5
31 84 32 84
15 50 14 52
-26 85 -26 86
-72 -2 -71 0
-90 -21 -92 -23
8 80 6 80
-51 -50 -49 -49
35 55 35 54
-64 -17 -62 -15
47 -36 46 -34
-68 30 -70 28
-31 2 -32 0
50 5 50 3
-31 7 -34 7
4 -96 4 -94
79 -31 79 -30
61 -56 62 -57
-29 63 -27 63
-80 -46 -80 -43
34 31 35 30
-47 28 -47 29
27 -57 26 -56
36 -75 35 -74
65 -68 63 -70
-85 -19 -84 -20
35 53 34 54
83 -36 81 -36
-42 -44 -44 -43
79 1 78 2
9 98 9 98
-46 24 -45 25
52 76 54 74
-48 61 -49 63
60 -74 57 -74
-13 -67 -10 -67
-51 -23 -50 -21
-18 -47 -16 -48
-25 -18 -26 -18
-85 -41 -84 -42
-69 17 -69 18
-1 99 1 97
-20 -61 -22 -62
41 91 41 89
-25 32 -23 33
45 33 47 32
-79 -29 -78 -30
-84 5 -86 3
-26 -16 -25 -17
10 55 10 57
76 -14 76 -14
-25 -38 -23 -37
45 7 44 6
-92 -34 -94 -33
14 -19 13 -19
38 -6 40 -4
-4 1 -2 -1
-46 -31 -45 -33
-60 54 -62 52
-73 32 -71 34
-22 11 -22 10
-86 30 -87 30
63 67 63 69
-19 -83 -16 -83
-84 28 -87 28
29 -46 31 -48
52 32 54 33
49 27 48 25
-25 -66 -25 -65
42 57 42 60
58 -45 56 -43
-19 70 -16 70
55 70 53 70
29 -81 30 -79
54 14 55 12
-51 -22 -52 -24
-12 -75 -10 -73
26 59 26 62
72 4 70 4
-11 -26 -13 -24
-81 34 -83 35
-79 -61 -78 -59
34 -18 35 -19
-63 9 -66 9
65 -55 67 -57
-8 27 -8 28
49 16 51 14
52 37 50 36
-41 69 -41 71
-47 55 -46 53
1 89 0 89
48 32 47 32
-74 -45 -76 -45
-89 -16 -92 -16
15 -89 15 -91
31 -13 33 -15
-75 -35 -76 -34
-37 15 -36 14
-56 0 -57 1
-24 79 -26 79
52 -79 54 -77
76 -40 76 -43
41 31 43 31
-39 19 -36 19
32 -47 33 -47
-53 8 -52 6
37 19 38 19
44 48 42 46
-39 21 -38 22
66 61 65 61
-27 -20 -27 -20
-5 -45 -7 -47
32 -8 31 -8
36 3 35 4
24 1 21 1
-52 37 -51 35
16 83 17 85
31 -21 32 -21
34 24 35 25
-83 -24 -84 -26
-12 -49 -12 -50
-95 17 -93 18
-27 90 -27 89
39 -34 38 -33
68 -6 70 -5
-13 -66 -13 -66
-41 3 -42 2
1 21 -1 20
13 28 12 29
-60 56 -62 55
-95 9 -93 11
-80 -10 -82 -10
89 28 87 27
-92 37 -91 39
37 36 35 36
21 30 23 29
-93 30 -94 32
39 -90 38 -90
-32 -55 -31 -56
76 21 75 20
85 -22 85 -22
53 -14 52 -16
-32 21 -32 20
12 84 13 83
-55 -79 -54 -81
-47 -30 -49 -30
-6 0 -6 2
-86 27 -85 28
69 66 69 67
33 -41 35 -39
37 32 39 32
-13 -93 -11 -91
19 -30 18 -28
1 49 -1 51
24 93 23 91
89 28 87 28
-90 38 -90 40
92 18 90 19
-80 -43 -77 -43
-77 34 -79 32
3 -10 3 -9
-44 -3 -47 -3
17 61 16 60
6 28 4 26
-36 56 -38 58
17 -56 19 -54
-60 -27 -58 -25
-3 -67 -3 -70
21 13 20 13
-81 35 -83 37
-24 -45 -24 -42
46 59 47 58
26 -91 26 -88
61 -15 59 -16
17 53 17 50
64 12 62 12
33 17 34 18
-13 -23 -14 -22
-69 -31 -68 -30
-17 -70 -15 -68
-83 -47 -85 -45
-14 77 -14 75
-44 -10 -46 -10
-97 -12 -97 -9
79 43 81 43
43 -13 43 -14
32 38 32 35
-33 75 -31 73
43 54 45 55
82 8 79 8
-21 21 -19 22
40 91 38 91
67 -36 65 -35
-53 47 -53 49
16 -49 17 -48
-1 70 0 68
81 29 80 27
77 -55 76 -54
68 -62 70 -60
-42 36 -44 36
-63 53 -64 54
98 4 99 3
-37 64 -40 64
-7 16 -8 17
-84 -34 -82 -34
-90 15 -92 14
81 -39 80 -40
-71 -3 -71 -6
-14 -56 -14 -56
17 -20 17 -23
-72 22 -72 25
53 32 55 32
-84 -45 -84 -46
-93 19 -93 20
-71 -41 -72 -43
-89 -2 -87 0
-9 22 -10 23
91 -14 89 -15
9 -88 10 -86
-87 -7 -85 -6
86 -29 88 -28
69 15 66 15
-34 -51 -32 -52
6 84 3 84
27 42 28 43
-11 80 -9 82
29 13 30 15
40 79 38 77
24 -44 23 -45
81 40 82 40
99 0 98 -1
1 8 4 8
8 -68 6 -70
-49 7 -50 8
49 -58 50 -58
25 -68 27 -66
-3 -9 -3 -8
49 -38 50 -39
-34 10 -36 10
-36 89 -35 89
21 21 19 21
9 -74 7 -73
1 77 1 78
14 -72 16 -74
-76 -2 -75 -3
-1 -66 -3 -66
36 76 38 77
-39 17 -41 15
-56 17 -55 16
-48 45 -48 48
-82 28 -80 26
1 44 0 42
-7 55 -7 54
-61 -6 -63 -8
-64 -40 -65 -42
21 -33 19 -35
27 83 28 82
66 44 69 44
40 0 40 1
89 -41 89 -38
63 42 64 41
81 10 81 10
31 -45 30 -45
0 11 1 10
-26 -85 -28 -85
24 -54 22 -52
-13 -23 -14 -23
33 -7 33 -7
64 -73 62 -72
82 29 79 29
-24 19 -25 17
-49 81 -51 83
-54 17 -55 19
53 -33 53 -31
18 54 15 54
58 37 56 38
-21 -22 -22 -23
44 28 44 25
-4 -69 -5 -69
-30 -5 -28 -5
-76 35 -76 34
-26 -78 -25 -76
12 68 12 67
97 24 95 22
42 23 41 23
36 -36 37 -37
-72 -28 -74 -27
-78 56 -76 58
-19 48 -20 48
30 12 28 12
-15 -84 -13 -85
-64 18 -63 16
-63 16 -62 14
-86 5 -88 7
-89 -22 -91 -22
-12 73 -13 72
-27 -41 -26 -41
-12 -18 -14 -16
74 -30 76 -30
-85 -12 -88 -12
38 54 40 54
-82 55 -82 55
20 -60 22 -61
-54 -14 -54 -15
90 4 88 3
16 19 17 21
-72 0 -74 2
-79 -45 -80 -45
-1 62 -2 61
69 -36 68 -34
-80 4 -78 2
-58 -14 -59 -14
17 -6 17 -3
59 -30 59 -33
51 33 50 35
7 -80 6 -78
45 87 45 86
-58 24 -56 24
69 0 69 -2
-35 -78 -33 -77
-37 -15 -37 -17
-1 50 0 52
-64 -25 -66 -25
-70 65 -73 65
-12 -28 -11 -26
-79 60 -77 59
-59 -41 -57 -39
55 26 54 25
6 87 4 89
-43 6 -45 8
-91 -33 -89 -33
-33 -67 -32 -67
10 -4 8 -6
-13 -96 -14 -95
27 30 24 30
-41 86 -41 88
23 85 22 85
56 4 55 2
-64 -56 -65 -56
-61 -21 -61 -18
36 48 35 48
-74 17 -74 15
51 42 53 41
26 22 26 19
16 -51 14 -51
19 35 20 37
-56 13 -57 15
-62 11 -62 11
42 -35 41 -35
-10 25 -8 26
-29 -36 -29 -38
-43 -6 -41 -7
22 43 23 44
30 -89 28 -90
83 -16 85 -18
68 5 68 2
-15 -90 -14 -91
9 16 10 17
-20 -22 -20 -25
40 79 39 81
81 -22 81 -22
57 -15 56 -14
46 50 45 51
5 65 5 68
24 39 22 41
57 -29 55 -28
1 18 -1 18
-33 -53 -36 -53
20 -79 19 -81
0 97 -2 96
-80 29 -80 31
-87 4 -86 2
-50 -58 -51 -57
-26 28 -27 30
-21 -49 -22 -48
-68 37 -66 38
20 -25 22 -26
71 40 70 40
-41 50 -43 48
54 -29 55 -31
23 -15 22 -13
35 87 34 86
-23 -96 -22 -97
-92 6 -92 5
-87 -39 -86 -39
-44 -68 -46 -69
15 -71 12 -71
-71 -59 -71 -60
1 -5 1 -3
32 90 32 87
19 -4 20 -3
-15 48 -13 47
8 -31 9 -29
-28 -8 -27 -10
63 66 65 65
49 -54 49 -56
-46 82 -46 82
-71 -59 -73 -60
16 -34 15 -36
74 -66 72 -64
-46 -82 -47 -80
13 79 13 77
22 11 22 12
18 -19 17 -19
45 27 47 25
10 45 9 46
-99 6 -97 5
-11 -43 -11 -44
-55 -70 -55 -70
85 49 86 49
-85 -41 -84 -40
-21 21 -23 23
-8 -87 -10 -87
26 -81 28 -83
60 -18 62 -19
-56 67 -58 67
-50 -58 -52 -60
87 6 88 4
70 -30 69 -31
24 30 25 28
45 6 47 4
-63 -76 -61 -78
-47 76 -45 76
20 -4 23 -4
-33 -38 -31 -40
76 -21 76 -20
80 -37 80 -34
-4 69 -4 66
-3 88 -3 88
-18 -49 -20 -51
27 92 25 90
-14 7 -14 8
-10 -62 -8 -64
51 -8 50 -10
-71 28 -70 30
-29 -88 -27 -88
-51 -14 -50 -15
2 44 1 45
-58 11 -60 9
48 -65 51 -65
18 -38 20 -38
34 -94 34 -92
-42 12 -42 9
2 -82 1 -84
-83 0 -83 0
-71 22 -70 21
23 39 25 40
-80 25 -81 26
43 -5 44 -7
87 17 86 15
47 48 50 48
-3 82 -2 83
37 -88 38 -87
55 74 55 72
-57 28 -57 31
-65 44 -66 46
-49 -71 -52 -71
-90 -19 -87 -19
-51 -78 -50 -76
52 -70 52 -68
-38 56 -41 56
14 -67 14 -70
83 17 81 16
5 -25 5 -23
59 -57 58 -57
33 82 34 84
18 66 16 68
-58 -68 -59 -68
-97 5 -95 4
-24 59 -23 59
-73 15 -73 15
