1000
19 57 19 56
-73 31 -73 33
2 -77 1 -77
67 21 69 21
-45 -70 -43 -70
-4 -13 -4 -12
40 1 40 2
-46 62 -46 60
69 -29 70 -30
78 -13 79 -14
-10 -9 -10 -10
-72 23 -73 22
68 -62 70 -62
94 0 94 1
-59 50 -58 51
17 82 17 80
-19 -11 -17 -11
56 -18 56 -16
-7 -76 -6 -77
1 88 2 87
82 51 81 50
-49 85 -49 87
72 42 71 43
-32 10 -30 10
-83 -1 -84 -1
37 -34 36 -33
5 44 4 43
-21 -89 -23 -89
-44 8 -43 8
-9 82 -9 80
60 -24 59 -24
-13 -39 -14 -40
-42 -44 -43 -44
26 -18 28 -18
5 -62 4 -61
27 9 27 7
-34 43 -34 41
14 -12 14 -11
-66 -37 -66 -38
6 60 6 61
-33 92 -34 93
37 82 36 83
-40 -34 -40 -34
-66 -75 -65 -75
1 -75 2 -74
-66 -45 -65 -46
41 57 41 59
28 31 29 30
26 -58 25 -57
44 27 43 27
-92 -16 -90 -16
65 -34 65 -36
66 39 67 39
3 55 3 56
87 -6 86 -5
-72 16 -74 16
-84 -15 -83 -16
42 63 41 63
79 32 80 33
-87 39 -87 40
59 9 59 8
-13 64 -13 66
-10 -16 -11 -16
-45 8 -46 7
-3 -1 -3 0
63 -27 62 -26
39 -84 40 -84
-21 78 -23 78
41 -6 40 -6
0 -97 -1 -97
16 68 15 68
-69 28 -70 29
35 -4 34 -3
24 57 25 57
-43 -82 -42 -82
-38 48 -39 49
-20 -37 -19 -37
38 -19 38 -19
45 -53 46 -53
33 -2 34 -2
-37 31 -38 32
66 3 65 2
9 67 8 67
32 -77 32 -75
64 3 64 1
37 32 37 34
46 57 45 56
1 70 1 71
-82 -7 -82 -6
9 -87 8 -86
-79 38 -79 38
-39 7 -37 7
-19 -69 -18 -70
-63 0 -64 -1
-36 -26 -36 -27
85 -19 84 -19
-86 -46 -84 -46
78 -36 79 -37
73 60 73 60
45 -18 44 -19
45 66 44 67
10 -89 11 -88
-36 29 -35 30
-36 -37 -37 -36
-3 52 -5 52
-78 6 -79 5
24 55 26 55
-58 -16 -57 -15
1 37 0 38
50 78 51 77
3 40 5 40
58 53 58 55
-91 -2 -91 -4
19 18 18 17
-25 -6 -24 -6
6 -92 5 -92
-20 27 -21 27
15 87 16 88
-10 -43 -10 -45
-33 65 -33 63
80 -42 81 -42
2 36 2 36
-24 -31 -25 -31
-2 -88 -2 -86
-21 -2 -21 -4
-14 -98 -13 -98
47 85 46 84
-16 56 -15 57
-8 -23 -7 -22
-16 5 -18 5
-5 34 -6 33
4 -29 3 -29
-76 -3 -75 -3
64 -68 64 -67
-29 -36 -29 -35
-3 -31 -3 -30
-81 27 -82 28
-65 59 -66 59
10 -65 9 -66
45 42 46 43
37 87 37 86
23 35 24 35
-31 12 -31 10
-42 -58 -43 -57
22 -15 22 -16
65 -41 65 -40
45 52 46 53
67 10 67 12
-9 -40 -8 -39
78 -55 78 -56
-9 -21 -9 -20
7 38 8 38
43 -53 42 -54
47 -72 46 -72
57 14 59 14
-51 -14 -50 -13
-17 94 -17 94
32 -76 31 -77
54 28 54 27
13 -61 12 -60
21 80 20 81
-58 15 -57 16
-75 -8 -77 -8
26 -96 26 -95
22 -13 22 -14
-13 -45 -13 -43
-57 78 -57 78
3 76 1 76
-41 15 -41 13
78 -56 78 -58
-71 20 -71 21
-1 -66 -1 -68
-62 16 -61 17
54 -15 53 -14
-47 58 -46 58
-61 -76 -61 -75
-6 -88 -5 -87
-23 73 -24 74
-3 -52 -3 -52
-48 -83 -48 -84
-2 -17 0 -17
-78 -31 -78 -33
-35 -85 -34 -86
18 -81 19 -80
45 23 45 25
-10 10 -11 11
63 70 63 70
-7 -98 -8 -99
51 2 52 1
-1 13 0 12
33 78 31 78
-60 -80 -59 -79
-8 -83 -8 -83
-8 -93 -8 -93
-25 -67 -25 -68
19 0 18 0
52 -81 51 -80
-36 74 -36 75
61 -34 60 -33
95 -8 96 -7
-16 48 -15 49
-18 -24 -16 -24
-22 -26 -22 -27
-3 10 -3 12
-4 37 -3 36
71 62 71 63
30 -88 32 -88
36 -5 36 -6
85 18 84 19
71 -59 70 -60
-88 12 -88 14
-37 12 -36 12
-28 71 -27 72
20 -20 20 -20
48 -51 48 -52
-44 -66 -44 -66
-77 60 -77 60
-46 -47 -46 -47
43 -51 44 -50
45 72 43 72
54 -17 53 -18
-60 61 -59 62
-40 -6 -40 -4
-73 1 -74 1
-35 -82 -34 -81
-55 -48 -55 -50
-83 17 -82 16
-45 60 -45 60
-62 -70 -62 -68
-59 75 -60 74
-99 4 -98 4
-92 -17 -94 -17
48 45 49 44
39 -13 39 -15
-3 -10 -3 -8
-81 9 -81 11
29 -70 29 -68
-74 31 -73 32
64 55 65 56
-25 -82 -24 -81
-80 -33 -81 -32
26 0 26 1
-52 -80 -53 -79
-14 -86 -15 -86
37 56 35 56
42 -74 42 -74
10 -31 11 -30
45 -7 46 -7
59 -72 59 -73
-84 42 -85 41
-32 -76 -31 -77
9 20 9 21
-16 -15 -15 -16
-87 -49 -87 -48
-80 29 -79 30
30 -59 30 -61
83 -10 83 -9
-47 84 -45 84
28 -85 30 -85
25 64 25 66
52 31 52 30
-68 26 -66 26
-63 34 -64 34
62 -14 61 -13
19 -36 21 -36
-75 33 -75 35
3 -2 3 0
3 -99 4 -98
-12 -57 -14 -57
-24 22 -25 22
7 39 7 38
-37 -12 -36 -13
-60 -11 -60 -9
-22 -1 -22 -3
-36 -73 -34 -73
64 -51 63 -52
-34 -88 -33 -89
65 28 66 29
42 14 41 14
75 0 76 -1
-7 -56 -7 -58
8 1 8 0
-57 74 -57 74
87 39 87 40
-51 83 -52 84
-4 66 -4 67
-5 59 -5 58
5 45 3 45
-19 -36 -19 -34
-32 -45 -32 -45
-73 -49 -75 -49
-23 3 -22 2
12 -86 11 -86
-36 -73 -37 -73
-42 -88 -43 -87
74 -43 74 -43
-17 93 -18 92
93 18 94 18
-56 21 -56 21
50 47 51 48
-33 -70 -33 -71
-27 43 -25 43
11 -68 10 -69
-56 16 -57 16
25 -58 27 -58
24 9 24 7
-7 -21 -6 -22
-4 -13 -3 -14
-59 -8 -58 -8
28 -8 29 -8
42 -64 41 -64
-52 5 -53 4
-86 -9 -87 -10
51 47 52 47
45 -18 44 -18
-40 -88 -41 -89
3 1 1 1
70 59 70 60
-57 -34 -57 -34
1 41 0 42
87 49 86 49
57 81 56 80
-62 -51 -62 -52
-49 53 -48 52
-7 -72 -7 -72
-22 54 -23 55
44 -70 46 -70
1 -6 1 -7
94 -2 94 0
82 44 81 45
-53 42 -52 42
72 35 72 33
-15 -8 -16 -9
-23 86 -22 87
31 -55 31 -57
43 -30 43 -30
37 24 37 26
-41 -15 -41 -13
-7 -49 -8 -48
66 -70 65 -69
60 51 59 50
57 16 58 15
1 43 0 44
55 56 55 55
-67 68 -66 69
-32 28 -31 29
-79 -23 -79 -21
9 -70 11 -70
-68 69 -68 68
-10 -40 -9 -41
-78 -54 -77 -55
-85 44 -84 43
65 9 64 9
-71 -69 -71 -70
-20 24 -20 23
-39 70 -39 68
23 96 22 95
-69 -70 -70 -71
17 84 16 84
-60 -24 -61 -23
-90 -20 -89 -21
35 84 36 84
74 8 75 8
-40 78 -39 79
50 29 52 29
91 -18 91 -20
-92 -1 -93 -1
-49 3 -48 4
-10 95 -9 94
-62 -28 -61 -28
22 -46 23 -46
33 6 34 6
-44 52 -45 51
-75 21 -75 19
53 -4 51 -4
1 77 1 76
53 -83 54 -82
93 -5 93 -5
84 1 85 2
-96 9 -96 8
36 -64 35 -64
-40 59 -41 60
26 -64 25 -63
-36 46 -36 48
-33 -94 -31 -94
35 63 34 64
-32 -66 -32 -65
28 -88 28 -86
-41 -54 -41 -53
-36 65 -34 65
-19 43 -20 43
73 29 72 28
53 -9 53 -11
33 -7 34 -6
2 -70 2 -69
60 -64 59 -63
16 -19 16 -18
-75 -39 -76 -40
9 34 11 34
39 4 39 5
-5 55 -5 56
69 43 67 43
37 71 39 71
39 26 38 26
-22 56 -21 56
-3 -11 -4 -12
-41 48 -41 48
-27 -3 -25 -3
77 -43 77 -41
23 15 24 16
-49 39 -49 40
-8 -96 -7 -97
-76 62 -75 62
49 1 49 0
43 80 43 81
-41 86 -39 86
20 -66 19 -65
-44 -41 -43 -42
-14 -76 -12 -76
59 -30 59 -29
-83 13 -83 15
-47 83 -46 82
-22 -77 -23 -78
22 48 23 49
31 -43 31 -41
29 -87 29 -87
-12 -37 -12 -37
24 71 24 71
8 48 7 48
-65 1 -64 1
-8 -48 -9 -49
-71 57 -71 56
-76 2 -76 2
-7 -65 -7 -66
89 8 87 8
68 -61 69 -62
-7 10 -8 11
54 -56 54 -54
-11 -35 -12 -35
22 33 22 32
60 -32 58 -32
26 -41 26 -40
-39 -41 -38 -41
68 -26 68 -27
28 -20 29 -21
-50 -41 -50 -41
-37 52 -37 52
-15 -2 -15 -1
70 -21 70 -21
16 -91 17 -92
53 74 55 74
-64 -51 -63 -52
58 -75 57 -74
-50 32 -51 31
6 -90 7 -91
12 96 13 95
33 15 32 14
82 51 82 49
-32 65 -33 64
-4 0 -3 -1
-48 -65 -49 -66
52 76 53 76
-24 -60 -24 -58
-5 52 -3 52
18 -16 18 -15
-34 -5 -34 -7
45 51 46 51
-98 11 -98 10
-81 25 -82 24
-20 9 -20 9
19 13 18 14
27 -74 28 -74
-80 -18 -81 -19
53 51 54 50
15 28 13 28
-48 -35 -47 -36
-72 -53 -71 -52
9 -61 9 -63
45 -66 45 -64
-44 -38 -45 -38
43 -34 42 -34
-15 70 -16 71
-51 54 -53 54
60 58 60 60
16 81 17 80
-29 -37 -29 -38
-97 -16 -98 -16
-45 30 -44 29
-34 -76 -35 -75
58 -15 59 -15
89 -7 89 -5
-47 78 -48 78
16 24 15 24
-4 -72 -3 -71
-18 76 -16 76
5 -53 4 -53
33 73 33 74
-81 -32 -79 -32
97 -3 96 -4
30 24 32 24
46 50 46 49
65 48 64 48
-87 -46 -87 -44
-51 -8 -50 -8
-14 -16 -14 -17
-82 43 -82 42
-29 -92 -27 -92
-1 42 -1 43
-24 -47 -24 -48
41 -83 40 -84
-44 22 -43 21
58 7 57 8
74 66 73 66
-26 -41 -26 -40
-80 57 -79 56
0 -74 -1 -75
-77 -35 -78 -36
-57 35 -57 35
69 -21 70 -22
86 -3 86 -2
5 1 6 1
-34 7 -34 7
42 35 43 36
63 73 65 73
-70 -57 -71 -57
5 20 5 22
42 -25 40 -25
-49 44 -48 45
-31 -72 -33 -72
-14 -96 -14 -95
-91 -39 -92 -39
52 3 51 3
20 40 20 42
44 -2 44 -3
-10 -71 -12 -71
-16 -53 -16 -55
-33 -93 -34 -93
36 -75 35 -74
-2 -67 0 -67
5 -11 4 -12
8 88 10 88
-86 33 -88 33
1 83 0 83
38 79 39 78
-96 -18 -98 -18
95 -9 94 -10
69 35 70 35
26 71 27 71
-80 -38 -80 -38
5 -2 6 -2
97 17 97 18
62 49 62 48
10 -13 10 -11
-98 -15 -98 -16
-28 -38 -29 -37
-20 16 -20 15
-95 25 -94 26
40 -53 39 -53
-68 26 -67 25
19 -21 21 -21
-73 -18 -74 -17
79 -10 81 -10
-57 -15 -57 -15
-75 -3 -75 -2
29 -88 28 -88
-57 40 -56 40
5 -28 6 -28
14 42 14 44
-54 49 -55 49
-35 81 -35 82
-45 -44 -45 -46
-33 73 -32 74
4 -64 3 -64
78 -62 78 -62
60 47 59 47
-9 -3 -8 -4
-23 4 -24 3
44 -84 43 -85
-33 46 -34 46
-14 -3 -14 -3
8 50 10 50
53 -4 51 -4
0 77 -2 77
-82 51 -83 52
77 11 77 10
44 57 44 58
-84 5 -83 4
26 68 25 69
77 63 76 63
68 -11 68 -11
-34 36 -35 36
-76 2 -76 1
3 94 2 93
49 -49 49 -49
48 -53 47 -54
74 7 73 8
-27 83 -27 82
-54 82 -56 82
83 -26 81 -26
29 64 31 64
67 -60 68 -59
-22 39 -22 37
34 -82 34 -84
56 14 55 15
46 -45 48 -45
-39 -4 -39 -5
35 77 36 78
82 54 81 55
-33 -50 -35 -50
-72 -24 -74 -24
-22 74 -23 75
-16 55 -15 54
13 -86 12 -87
7 45 8 44
-90 4 -89 3
40 69 38 69
4 -50 4 -49
-7 -61 -7 -62
-73 -37 -72 -36
-5 15 -5 13
22 19 22 20
48 83 48 81
-8 21 -7 21
-34 38 -35 38
-61 4 -62 4
37 -81 37 -80
85 -20 84 -21
38 54 39 54
-47 16 -48 17
87 -43 86 -44
-71 -6 -71 -5
71 -28 73 -28
-40 -86 -40 -85
-32 -23 -33 -24
-82 2 -83 2
58 -21 59 -21
14 13 12 13
-87 5 -88 6
-53 67 -54 66
3 85 4 85
-4 25 -4 27
65 -61 63 -61
85 -46 86 -47
-73 -32 -74 -32
50 19 49 19
4 -18 5 -17
60 -71 60 -73
24 12 23 11
-90 -37 -90 -37
84 32 85 32
-54 -16 -55 -16
-89 -21 -88 -22
29 22 29 24
-23 34 -22 35
-18 48 -18 49
-17 -40 -16 -41
0 -35 0 -36
-21 34 -21 35
3 77 3 78
-7 -39 -8 -39
-25 -40 -25 -40
-17 44 -18 44
-18 -81 -16 -81
-84 40 -83 40
-62 26 -64 26
71 67 70 66
65 -32 65 -32
-21 -39 -21 -41
-10 12 -10 12
-17 -55 -17 -54
77 -63 77 -63
60 72 58 72
54 -41 54 -39
3 49 4 49
12 -41 12 -40
81 -53 79 -53
-20 -26 -20 -27
92 32 91 32
-70 -14 -70 -16
74 -66 73 -65
-18 77 -20 77
-69 59 -70 59
25 48 25 46
-85 -40 -84 -40
8 50 7 50
36 -42 35 -41
-94 31 -93 32
41 14 40 13
-43 60 -44 61
77 45 76 44
-48 -46 -47 -47
34 48 33 49
-47 -25 -48 -24
8 -4 8 -5
-24 32 -23 31
-60 -43 -58 -43
27 -14 27 -13
38 -47 38 -46
29 -8 31 -8
-13 70 -12 70
17 86 18 87
-34 -82 -34 -81
-36 70 -36 68
15 -93 14 -92
-22 3 -21 3
26 62 27 62
62 -62 63 -62
-2 64 -1 65
48 -22 48 -23
46 -34 47 -33
-82 -56 -81 -55
98 -15 99 -14
78 -42 79 -42
92 10 90 10
69 -33 68 -34
-37 -52 -38 -52
52 -47 53 -46
-84 0 -84 2
-8 -21 -6 -21
84 -4 84 -2
-80 3 -80 2
74 10 74 8
-37 78 -37 76
10 10 11 10
-6 76 -5 75
50 -19 49 -18
36 -65 36 -65
30 34 30 32
35 -75 36 -76
-70 -57 -70 -56
-2 69 -1 68
24 -6 22 -6
-78 -52 -79 -51
12 -97 12 -98
12 37 12 38
52 50 50 50
-8 44 -8 45
-27 -80 -25 -80
92 9 93 10
-54 -23 -52 -23
95 9 94 8
-23 39 -21 39
5 25 5 27
71 -63 70 -64
94 31 93 31
-38 6 -40 6
-3 1 -1 1
56 6 56 4
47 64 47 64
-73 -64 -72 -64
-22 -2 -23 -1
-55 44 -56 43
-70 18 -70 20
-40 -72 -40 -72
-39 15 -39 15
56 -24 55 -25
86 -50 86 -48
47 -69 48 -69
73 23 73 25
-51 -42 -51 -44
51 59 51 59
-14 -81 -13 -80
-61 -38 -61 -39
55 28 55 26
-28 -83 -26 -83
-69 -18 -69 -18
16 -29 16 -30
-22 -90 -22 -90
3 -66 3 -67
45 -87 45 -88
68 -41 69 -42
44 71 43 72
-73 37 -73 35
-6 -4 -7 -4
-51 -50 -51 -48
67 46 67 45
-47 -36 -46 -37
31 85 31 87
-61 -49 -59 -49
-38 18 -38 20
-42 -3 -43 -4
26 -20 25 -20
46 76 47 77
-64 -64 -65 -63
32 46 31 46
-5 90 -5 90
-20 14 -19 14
33 -85 31 -85
-65 -68 -65 -66
13 49 14 48
-29 -32 -30 -31
-70 -22 -71 -21
50 41 49 40
50 59 49 59
84 -38 85 -39
-95 -4 -96 -3
-92 7 -94 7
-60 -13 -60 -13
29 39 29 40
53 5 55 5
-10 -51 -11 -51
86 14 87 14
57 67 59 67
-32 87 -30 87
42 -61 44 -61
49 82 48 82
-25 63 -25 61
64 -28 66 -28
28 21 27 22
-15 61 -15 63
3 -88 3 -86
67 60 67 59
58 60 58 61
67 -54 67 -55
28 -25 26 -25
25 -34 24 -35
-31 53 -31 52
23 -55 22 -56
-15 -71 -15 -69
94 -6 94 -5
35 11 35 12
24 40 25 40
48 -45 49 -45
-28 80 -28 78
-22 -8 -22 -6
-18 -40 -18 -42
-10 31 -12 31
18 -10 19 -10
-66 -2 -64 -2
-60 22 -61 23
-42 7 -43 8
-77 -3 -78 -2
-16 -45 -18 -45
-89 24 -89 24
13 -2 14 -1
-54 -26 -55 -26
20 65 18 65
-14 13 -15 14
-30 -39 -32 -39
-21 63 -20 64
0 22 -1 23
-21 -50 -20 -49
-10 -19 -12 -19
-72 -14 -70 -14
12 -84 12 -86
73 18 73 19
-21 -18 -20 -17
-60 39 -59 38
39 -79 38 -79
38 -46 38 -44
-73 -5 -73 -4
-55 16 -53 16
-93 9 -93 7
-64 18 -64 18
52 33 51 34
32 -40 32 -41
11 -8 12 -7
-62 -23 -63 -24
27 -75 27 -77
70 63 71 64
-32 -26 -32 -28
-10 38 -11 39
73 21 71 21
-57 2 -57 3
-39 -31 -39 -33
1 -96 1 -95
-60 80 -59 79
1 -37 2 -37
62 -19 62 -21
-82 -29 -83 -30
33 -10 32 -11
-43 -20 -42 -20
-48 -41 -48 -43
-58 43 -58 45
69 45 69 47
95 5 94 4
8 94 6 94
34 55 34 53
-21 -42 -22 -43
0 -66 1 -65
-52 48 -52 47
84 45 85 45
-43 80 -42 80
13 91 14 92
-28 -80 -26 -80
41 54 42 55
45 12 46 13
-49 -1 -48 -1
41 -7 39 -7
26 88 26 90
-46 -16 -45 -15
0 68 0 68
58 16 57 15
39 -52 41 -52
54 25 54 24
63 20 62 19
-71 -18 -71 -16
-49 68 -50 67
-42 -30 -43 -31
39 -59 39 -57
3 3 2 2
49 -72 49 -70
13 87 13 85
32 -63 31 -63
-25 92 -23 92
52 77 50 77
-35 -15 -36 -16
-3 86 -1 86
-32 92 -33 93
63 -27 64 -28
1 -16 -1 -16
-50 -52 -51 -51
-7 7 -5 7
63 50 61 50
-22 -61 -21 -62
-13 64 -12 65
-10 95 -10 94
-82 -33 -82 -35
-82 -34 -83 -33
92 21 91 21
26 -83 25 -83
54 63 55 63
3 -23 4 -23
44 -50 45 -50
65 -26 65 -26
28 63 27 63
-42 -41 -40 -41
25 30 24 29
17 65 18 66
51 -14 51 -12
-31 -51 -30 -50
7 -44 9 -44
22 -8 22 -6
-32 -90 -32 -90
-21 -79 -20 -80
66 -69 66 -68
-45 -48 -45 -48
-64 58 -65 59
82 48 82 50
25 -64 24 -63
-48 -42 -48 -41
-82 17 -81 16
44 -9 45 -10
-15 -71 -15 -71
-21 14 -21 16
-42 70 -43 69
15 -49 15 -49
26 52 27 52
-25 50 -26 50
-75 36 -73 36
-62 67 -61 68
55 -66 55 -64
-12 -62 -12 -64
5 -49 5 -49
-26 4 -25 4
12 -39 11 -38
-39 -37 -38 -37
-7 68 -7 70
-13 75 -13 73
43 58 42 58
-52 -84 -53 -83
68 30 69 31
-10 30 -12 30
-38 -61 -38 -59
-72 -6 -70 -6
-38 -81 -40 -81
18 25 16 25
15 -4 14 -4
-33 -72 -35 -72
-7 -19 -6 -20
48 21 47 22
-81 -57 -82 -56
-11 1 -9 1
72 -55 71 -56
15 -94 15 -94
33 -88 35 -88
-51 -54 -50 -55
-10 -87 -10 -87
59 4 59 5
24 -93 25 -92
-23 -39 -22 -39
-84 47 -84 45
-46 63 -46 64
8 -70 8 -70
63 53 61 53
-52 55 -52 53
7 -31 7 -32
13 -27 14 -26
34 -82 32 -82
-13 75 -13 74
-61 61 -62 62
88 9 88 10
40 68 42 68
70 -61 69 -62
19 27 20 28
29 21 28 21
-39 38 -39 37
-3 -35 -3 -34
6 72 7 72
18 -68 16 -68
