100
-27 53 -27 54
-14 -99 -14 -98
61 4 60 4
-51 -28 -51 -28
5 -62 5 -63
95 10 95 9
37 -17 37 -16
25 68 26 68
33 70 33 71
-79 58 -78 58
5 -87 5 -88
75 7 74 7
-58 -33 -58 -33
46 21 47 21
-4 9 -4 8
78 29 78 29
-98 12 -98 13
-25 -84 -25 -84
-26 90 -26 89
-54 38 -54 38
-10 -93 -10 -93
16 -22 16 -21
-23 26 -24 26
95 2 95 3
42 -62 42 -62
-46 75 -46 76
-2 39 -2 40
-37 -34 -36 -34
-45 -76 -44 -76
-40 77 -40 76
62 -73 62 -73
-23 -34 -24 -34
-89 -25 -89 -24
63 -14 63 -15
-64 -25 -63 -25
77 54 77 53
-66 -7 -66 -6
-25 -22 -24 -22
-36 30 -35 30
-21 30 -21 31
-7 92 -8 92
88 17 88 17
49 74 49 75
60 -50 60 -51
4 35 5 35
14 -83 15 -83
-23 -10 -24 -10
-85 -20 -85 -19
-54 71 -54 70
94 0 94 0
41 79 41 78
-88 29 -89 29
6 -42 5 -42
-36 63 -36 64
-6 -11 -6 -11
-1 -1 -1 0
-63 -13 -63 -14
-13 -27 -12 -27
40 0 40 -1
-65 -64 -65 -65
-88 -42 -87 -42
-66 21 -67 21
40 -44 40 -43
-21 8 -21 8
32 -15 31 -15
-24 80 -24 80
31 3 30 3
86 2 85 2
-4 73 -4 74
-10 -93 -9 -93
-31 -83 -31 -84
-45 7 -46 7
52 55 52 55
61 -79 61 -78
-8 89 -8 89
-67 37 -67 38
91 16 92 16
79 -40 78 -40
-59 1 -59 1
21 90 22 90
-43 -32 -42 -32
-64 -57 -63 -57
-30 -39 -30 -40
-57 12 -57 11
38 -66 38 -66
8 -60 7 -60
22 38 22 39
-87 6 -87 7
15 52 15 52
-69 -12 -68 -12
72 39 72 39
68 18 68 19
-54 -37 -53 -37
-50 -10 -51 -10
14 -62 14 -62
-3 74 -3 73
-43 -8 -43 -8
-19 11 -20 11
81 -7 81 -6
-92 9 -92 10
